Date,Open,High,Low,Close,Volume,Adj Close,bidvol,askvol
20151126 09:43:00.000,11860,11890,11765,11865,104338,11860,60,23
20151126 09:43:01.000,11860,11890,11765,11865,104338,11860,61,23
20151126 09:43:02.000,11860,11890,11765,11865,104338,11860,61,33
20151126 09:43:03.000,11860,11890,11765,11865,104410,11860,25,48
20151126 09:43:03.000,11860,11890,11765,11865,104422,11865,35,52
20151126 09:43:04.000,11860,11890,11765,11865,104432,11865,31,54
20151126 09:43:05.000,11860,11890,11765,11865,104436,11865,31,52
20151126 09:43:06.000,11860,11890,11765,11865,104440,11860,29,52
20151126 09:43:07.000,11860,11890,11765,11865,104448,11860,26,51
20151126 09:43:10.000,11860,11890,11765,11865,104448,11860,27,48
20151126 09:43:11.000,11860,11890,11765,11865,104452,11860,26,48
20151126 09:43:11.000,11860,11890,11765,11865,104456,11860,24,63
20151126 09:43:11.000,11860,11890,11765,11865,104470,11860,22,58
20151126 09:43:12.000,11860,11890,11765,11865,104472,11865,22,57
20151126 09:43:13.000,11860,11890,11765,11865,104478,11860,24,57
20151126 09:43:16.000,11860,11890,11765,11865,104478,11860,25,57
20151126 09:43:17.000,11860,11890,11765,11865,104492,11865,25,50
20151126 09:43:18.000,11860,11890,11765,11865,104496,11865,25,48
20151126 09:43:19.000,11860,11890,11765,11865,104496,11865,28,48
20151126 09:43:20.000,11860,11890,11765,11865,104496,11865,39,78
20151126 09:43:21.000,11860,11890,11765,11865,104498,11865,44,77
20151126 09:43:22.000,11860,11890,11765,11865,104498,11865,45,65
20151126 09:43:23.000,11855,11890,11765,11860,104588,11860,64,56
20151126 09:43:24.000,11855,11890,11765,11860,104708,11860,64,17
20151126 09:43:25.000,11855,11890,11765,11860,104712,11860,64,15
20151126 09:43:26.000,11855,11890,11765,11860,104714,11860,67,14
20151126 09:43:27.000,11855,11890,11765,11860,104714,11860,67,54
20151126 09:43:27.000,11855,11890,11765,11860,104718,11860,67,52
20151126 09:43:28.000,11855,11890,11765,11860,104718,11860,70,52
20151126 09:43:29.000,11855,11890,11765,11860,104718,11860,72,52
20151126 09:43:31.000,11855,11890,11765,11860,104722,11860,72,15
20151126 09:43:32.000,11855,11890,11765,11860,104724,11860,72,14
20151126 09:43:34.000,11855,11890,11765,11860,104726,11855,92,14
20151126 09:43:40.000,11855,11890,11765,11860,105034,11855,43,4
20151126 09:43:41.000,11855,11890,11765,11860,105034,11855,41,77
20151126 09:43:42.000,11855,11890,11765,11860,105036,11855,40,79
20151126 09:43:47.000,11855,11890,11765,11860,105036,11855,45,80
20151126 09:43:48.000,11855,11890,11765,11860,105036,11855,46,80
20151126 09:43:50.000,11855,11890,11765,11860,105036,11855,47,81
20151126 09:43:52.000,11855,11890,11765,11860,105036,11855,52,81
20151126 09:43:53.000,11855,11890,11765,11860,105036,11855,53,81
20151126 09:43:54.000,11855,11890,11765,11860,105038,11860,56,83
20151126 09:43:55.000,11855,11890,11765,11860,105066,11855,42,83
20151126 09:43:58.000,11855,11890,11765,11860,105066,11855,43,83
20151126 09:43:58.000,11855,11890,11765,11860,105068,11860,43,82
20151126 09:44:00.000,11855,11890,11765,11860,105068,11860,45,88
20151126 09:44:01.000,11855,11890,11765,11860,105068,11860,55,88
20151126 09:44:02.000,11855,11890,11765,11860,105070,11855,55,88
20151126 09:44:03.000,11855,11890,11765,11860,105070,11855,55,89
20151126 09:44:04.000,11855,11890,11765,11860,105070,11855,55,90
20151126 09:44:06.000,11850,11890,11765,11855,105180,11855,147,9
20151126 09:44:07.000,11850,11890,11765,11855,105182,11855,148,8
20151126 09:44:08.000,11850,11890,11765,11855,105186,11855,148,41
20151126 09:44:08.000,11850,11890,11765,11855,105188,11855,148,40
20151126 09:44:09.000,11850,11890,11765,11855,105188,11855,149,40
20151126 09:44:10.000,11850,11890,11765,11855,105188,11855,150,40
20151126 09:44:10.000,11850,11890,11765,11855,105190,11855,150,47
20151126 09:44:12.000,11850,11890,11765,11855,105190,11855,150,49
20151126 09:44:13.000,11850,11890,11765,11855,105190,11855,151,49
20151126 09:44:14.000,11850,11890,11765,11855,105194,11850,150,48
20151126 09:44:15.000,11850,11890,11765,11855,105262,11850,124,48
20151126 09:44:15.000,11850,11890,11765,11855,105272,11855,113,66
20151126 09:44:16.000,11850,11890,11765,11855,105276,11850,111,71
20151126 09:44:18.000,11845,11890,11765,11850,105506,11850,226,35
20151126 09:44:19.000,11845,11890,11765,11850,105526,11850,236,25
20151126 09:44:20.000,11845,11890,11765,11850,105536,11850,238,23
20151126 09:44:21.000,11845,11890,11765,11850,105538,11850,238,22
20151126 09:44:21.000,11845,11890,11765,11850,105540,11850,238,26
20151126 09:44:22.000,11845,11890,11765,11850,105542,11850,238,60
20151126 09:44:24.000,11845,11890,11765,11850,105542,11850,241,25
20151126 09:44:24.000,11845,11890,11765,11850,105544,11845,240,30
20151126 09:44:25.000,11845,11890,11765,11850,105574,11845,247,18
20151126 09:44:26.000,11845,11890,11765,11850,105574,11845,247,19
20151126 09:44:29.000,11845,11890,11765,11850,105580,11850,247,16
20151126 09:44:29.000,11845,11890,11765,11850,105582,11850,247,15
20151126 09:44:30.000,11845,11890,11765,11850,105590,11850,247,12
20151126 09:44:30.000,11845,11890,11765,11855,105616,11850,248,44
20151126 09:44:31.000,11840,11890,11765,11845,106158,11845,265,1028
20151126 09:44:31.000,11840,11890,11765,11845,106190,11840,249,1028
20151126 09:44:32.000,11840,11890,11765,11845,106200,11840,246,1028
20151126 09:44:33.000,11840,11890,11765,11845,106204,11840,224,1028
20151126 09:44:33.000,11840,11890,11765,11845,106288,11845,153,1028
20151126 09:44:34.000,11840,11890,11765,11845,106318,11845,153,1013
20151126 09:44:34.000,11840,11890,11765,11845,106320,11840,152,1013
20151126 09:44:35.000,11840,11890,11765,11845,106320,11840,155,1013
20151126 09:44:36.000,11840,11890,11765,11845,106322,11845,155,1012
20151126 09:44:37.000,11840,11890,11765,11845,106330,11840,152,1012
20151126 09:44:38.000,11840,11890,11765,11845,106350,11840,142,1012
20151126 09:44:38.000,11840,11890,11765,11845,106352,11845,142,1011
20151126 09:44:39.000,11840,11890,11765,11845,106352,11845,143,1011
20151126 09:44:40.000,11840,11890,11765,11845,106352,11845,147,1011
20151126 09:44:41.000,11840,11890,11765,11845,106354,11840,146,1011
20151126 09:44:42.000,11840,11890,11765,11845,106376,11845,146,1000
20151126 09:44:43.000,11840,11890,11765,11845,106386,11840,178,1000
20151126 09:44:44.000,11840,11890,11765,11845,106386,11840,180,1000
20151126 09:44:46.000,11840,11890,11765,11845,106388,11840,480,1000
20151126 09:44:46.000,11840,11890,11765,11845,106394,11840,477,1000
20151126 09:44:47.000,11840,11890,11765,11845,106394,11840,478,1000
20151126 09:44:47.000,11840,11890,11765,11845,106396,11845,480,999
20151126 09:44:49.000,11840,11890,11765,11845,106396,11845,484,999
20151126 09:44:50.000,11840,11890,11765,11845,106396,11845,490,999
20151126 09:44:51.000,11840,11890,11765,11845,106396,11845,500,999
20151126 09:44:52.000,11840,11890,11765,11845,106398,11840,499,999
20151126 09:44:53.000,11840,11890,11765,11845,106398,11840,465,1004
20151126 09:44:54.000,11840,11890,11765,11845,106442,11840,505,984
20151126 09:44:54.000,11840,11890,11765,11845,106446,11845,505,982
20151126 09:44:55.000,11840,11890,11765,11845,106456,11840,501,982
20151126 09:44:55.000,11840,11890,11765,11845,106474,11845,467,973
20151126 09:44:57.000,11840,11890,11765,11845,106476,11845,467,972
20151126 09:44:57.000,11840,11890,11765,11845,106478,11845,467,971
20151126 09:45:00.000,11840,11890,11765,11845,106480,11840,473,971
20151126 09:45:00.000,11840,11890,11765,11845,106484,11845,508,969
20151126 09:45:01.000,11840,11890,11765,11845,106500,11845,507,964
20151126 09:45:01.000,11840,11890,11765,11845,106504,11845,507,972
20151126 09:45:02.000,11840,11890,11765,11845,106508,11840,507,971
20151126 09:45:03.000,11840,11890,11765,11845,106510,11845,508,970
20151126 09:45:04.000,11840,11890,11765,11845,106510,11845,554,970
20151126 09:45:05.000,11840,11890,11765,11845,106512,11840,553,970
20151126 09:45:05.000,11840,11890,11765,11845,106514,11845,553,969
20151126 09:45:05.000,11840,11890,11765,11845,106814,11845,553,820
20151126 09:45:07.000,11840,11890,11765,11845,106814,11845,705,820
20151126 09:45:08.000,11840,11890,11765,11845,106816,11845,705,819
20151126 09:45:09.000,11840,11890,11765,11845,106816,11845,711,819
20151126 09:45:10.000,11840,11890,11765,11845,106818,11840,710,819
20151126 09:45:11.000,11840,11890,11765,11845,106818,11840,726,819
20151126 09:45:12.000,11840,11890,11765,11845,106818,11840,722,819
20151126 09:45:12.000,11840,11890,11765,11845,106834,11845,722,811
20151126 09:45:13.000,11840,11890,11765,11845,106844,11845,729,806
20151126 09:45:16.000,11840,11890,11765,11845,106844,11845,735,806
20151126 09:45:16.000,11840,11890,11765,11845,106848,11845,735,804
20151126 09:45:17.000,11840,11890,11765,11845,106848,11845,735,806
20151126 09:45:17.000,11840,11890,11765,11845,106852,11840,735,806
20151126 09:45:18.000,11840,11890,11765,11845,106852,11840,737,806
20151126 09:45:18.000,11840,11890,11765,11845,106854,11845,737,805
20151126 09:45:19.000,11840,11890,11765,11845,106876,11845,736,795
20151126 09:45:20.000,11840,11890,11765,11845,106876,11845,764,795
20151126 09:45:22.000,11840,11890,11765,11845,106876,11845,765,795
20151126 09:45:23.000,11840,11890,11765,11845,106894,11840,756,795
20151126 09:45:24.000,11840,11890,11765,11845,106894,11840,724,796
20151126 09:45:25.000,11840,11890,11765,11845,106894,11840,725,796
20151126 09:45:25.000,11840,11890,11765,11845,106896,11840,726,796
20151126 09:45:26.000,11840,11890,11765,11845,106896,11840,725,796
20151126 09:45:26.000,11840,11890,11765,11845,106898,11845,725,795
20151126 09:45:26.000,11840,11890,11765,11845,106904,11845,725,792
20151126 09:45:28.000,11840,11890,11765,11845,106908,11845,725,790
20151126 09:45:29.000,11840,11890,11765,11845,106910,11845,725,789
20151126 09:45:30.000,11840,11890,11765,11845,106938,11845,725,775
20151126 09:45:30.000,11840,11890,11765,11845,106962,11845,756,764
20151126 09:45:32.000,11840,11890,11765,11845,106974,11845,762,758
20151126 09:45:32.000,11840,11890,11765,11845,106976,11845,762,792
20151126 09:45:33.000,11840,11890,11765,11845,106976,11845,762,793
20151126 09:45:35.000,11840,11890,11765,11845,106986,11845,762,788
20151126 09:45:35.000,11840,11890,11765,11845,106988,11845,757,787
20151126 09:45:36.000,11840,11890,11765,11845,106988,11845,764,785
20151126 09:45:37.000,11840,11890,11765,11845,106988,11845,764,785
20151126 09:45:38.000,11840,11890,11765,11845,106998,11845,764,780
20151126 09:45:39.000,11840,11890,11765,11845,106998,11845,769,780
20151126 09:45:42.000,11840,11890,11765,11845,107004,11845,769,777
20151126 09:45:43.000,11840,11890,11765,11845,107004,11845,769,742
20151126 09:45:44.000,11840,11890,11765,11845,107014,11845,779,737
20151126 09:45:44.000,11840,11890,11765,11845,107016,11845,779,736
20151126 09:45:45.000,11840,11890,11765,11845,107020,11845,779,734
20151126 09:45:45.000,11840,11890,11765,11845,107024,11845,784,732
20151126 09:45:47.000,11840,11890,11765,11845,107036,11845,781,726
20151126 09:45:47.000,11840,11890,11765,11845,107044,11840,797,726
20151126 09:45:48.000,11840,11890,11765,11845,107044,11840,803,726
20151126 09:45:50.000,11840,11890,11765,11845,107044,11840,803,734
20151126 09:45:51.000,11840,11890,11765,11845,107044,11840,808,734
20151126 09:45:52.000,11840,11890,11765,11845,107044,11840,811,734
20151126 09:45:53.000,11840,11890,11765,11845,107044,11840,812,734
20151126 09:45:53.000,11840,11890,11765,11845,107046,11845,801,733
20151126 09:45:55.000,11840,11890,11765,11845,107066,11845,801,723
20151126 09:45:55.000,11840,11890,11765,11845,107068,11845,811,722
20151126 09:45:58.000,11840,11890,11765,11845,107068,11845,812,722
20151126 09:45:59.000,11840,11890,11765,11845,107072,11845,812,720
20151126 09:45:59.000,11840,11890,11765,11845,107092,11845,817,710
20151126 09:46:00.000,11840,11890,11765,11845,107734,11840,820,396
20151126 09:46:00.000,11840,11890,11765,11845,107860,11845,830,333
20151126 09:46:01.000,11845,11890,11765,11850,108526,11845,39,12
20151126 09:46:02.000,11845,11890,11765,11850,108526,11845,77,12
20151126 09:46:03.000,11840,11890,11765,11845,108690,11845,1116,217
20151126 09:46:04.000,11840,11890,11765,11845,108698,11845,1123,213
20151126 09:46:04.000,11840,11890,11765,11845,108702,11845,1124,211
20151126 09:46:05.000,11840,11890,11765,11845,108704,11845,1124,255
20151126 09:46:06.000,11840,11890,11765,11845,108758,11845,1124,228
20151126 09:46:07.000,11840,11890,11765,11845,108764,11845,1124,225
20151126 09:46:08.000,11840,11890,11765,11845,108770,11845,1124,223
20151126 09:46:09.000,11840,11890,11765,11845,108780,11845,1124,218
20151126 09:46:09.000,11840,11890,11765,11845,108792,11845,1124,213
20151126 09:46:11.000,11840,11890,11765,11845,108792,11845,1120,213
20151126 09:46:12.000,11840,11890,11765,11845,108794,11845,1119,212
20151126 09:46:13.000,11840,11890,11765,11845,108794,11845,1120,212
20151126 09:46:13.000,11840,11890,11765,11845,108804,11845,1120,207
20151126 09:46:15.000,11840,11890,11765,11845,108808,11845,1118,205
20151126 09:46:16.000,11840,11890,11765,11845,108812,11845,1118,168
20151126 09:46:16.000,11840,11890,11765,11845,108816,11845,1118,166
20151126 09:46:17.000,11840,11890,11765,11845,108826,11845,1118,161
20151126 09:46:18.000,11840,11890,11765,11845,108830,11845,1118,159
20151126 09:46:19.000,11840,11890,11765,11845,108836,11845,1118,156
20151126 09:46:20.000,11840,11890,11765,11845,108836,11845,1119,156
20151126 09:46:21.000,11840,11890,11765,11845,108836,11845,1120,156
20151126 09:46:22.000,11840,11890,11765,11845,108838,11845,1120,155
20151126 09:46:22.000,11840,11890,11765,11845,108878,11845,1120,135
20151126 09:46:23.000,11840,11890,11765,11845,108916,11845,1111,125
20151126 09:46:25.000,11840,11890,11765,11845,108918,11845,1111,124
20151126 09:46:25.000,11840,11890,11765,11845,108924,11845,1115,121
20151126 09:46:26.000,11840,11890,11765,11845,109130,11845,1115,18
20151126 09:46:26.000,11845,11890,11765,11850,109166,11845,33,51
20151126 09:46:27.000,11845,11890,11765,11850,109166,11845,74,39
20151126 09:46:28.000,11845,11890,11765,11850,109168,11845,96,39
20151126 09:46:29.000,11845,11890,11765,11850,109168,11845,61,39
20151126 09:46:30.000,11845,11890,11765,11850,109168,11845,62,60
20151126 09:46:31.000,11845,11890,11765,11850,109172,11850,66,58
20151126 09:46:32.000,11845,11890,11765,11850,109314,11845,3,56
20151126 09:46:32.000,11845,11890,11765,11850,109316,11850,3,54
20151126 09:46:33.000,11840,11890,11765,11845,109328,11845,210,29
20151126 09:46:33.000,11840,11890,11765,11845,109330,11845,205,50
20151126 09:46:34.000,11840,11890,11765,11845,109330,11845,205,74
20151126 09:46:35.000,11840,11890,11765,11845,109334,11845,204,80
20151126 09:46:35.000,11840,11890,11765,11845,109336,11845,204,79
20151126 09:46:37.000,11840,11890,11765,11845,109336,11845,205,79
20151126 09:46:38.000,11840,11890,11765,11845,109336,11845,206,79
20151126 09:46:38.000,11840,11890,11765,11845,109344,11845,211,75
20151126 09:46:40.000,11840,11890,11765,11845,109348,11845,210,74
20151126 09:46:40.000,11840,11890,11765,11845,109350,11845,210,73
20151126 09:46:41.000,11840,11890,11765,11845,109354,11845,210,71
20151126 09:46:42.000,11840,11890,11765,11845,109360,11845,211,68
20151126 09:46:43.000,11840,11890,11765,11845,109366,11845,211,65
20151126 09:46:44.000,11840,11890,11765,11845,109366,11845,211,45
20151126 09:46:46.000,11840,11890,11765,11845,109368,11840,215,45
20151126 09:46:47.000,11840,11890,11765,11845,109370,11845,214,44
20151126 09:46:47.000,11840,11890,11765,11845,109372,11845,214,69
20151126 09:46:48.000,11840,11890,11765,11845,109376,11840,214,68
20151126 09:46:49.000,11840,11890,11765,11845,109378,11845,215,67
20151126 09:46:50.000,11840,11890,11765,11845,109378,11845,215,125
20151126 09:46:51.000,11840,11890,11765,11845,109384,11840,210,129
20151126 09:46:52.000,11840,11890,11765,11845,109472,11845,177,126
20151126 09:46:55.000,11840,11890,11765,11845,109474,11845,177,90
20151126 09:46:56.000,11840,11890,11765,11845,109474,11845,177,125
20151126 09:46:56.000,11840,11890,11765,11845,109476,11840,177,125
20151126 09:46:59.000,11840,11890,11765,11845,109476,11840,177,127
20151126 09:46:59.000,11840,11890,11765,11845,109480,11840,196,126
20151126 09:47:00.000,11840,11890,11765,11845,109482,11840,195,126
20151126 09:47:02.000,11840,11890,11765,11845,109484,11845,195,125
20151126 09:47:03.000,11840,11890,11765,11845,109486,11840,194,126
20151126 09:47:05.000,11840,11890,11765,11845,109486,11840,199,126
20151126 09:47:06.000,11840,11890,11765,11845,109486,11840,199,127
20151126 09:47:07.000,11840,11890,11765,11845,109488,11840,198,127
20151126 09:47:09.000,11840,11890,11765,11845,109488,11840,198,136
20151126 09:47:10.000,11840,11890,11765,11845,109490,11840,197,136
20151126 09:47:11.000,11840,11890,11765,11845,109490,11840,196,134
20151126 09:47:13.000,11840,11890,11765,11845,109490,11840,198,134
20151126 09:47:15.000,11840,11890,11765,11845,109490,11840,198,135
20151126 09:47:19.000,11840,11890,11765,11845,109492,11845,198,135
20151126 09:47:20.000,11840,11890,11765,11845,109492,11845,201,102
20151126 09:47:22.000,11840,11890,11765,11845,109492,11845,202,102
20151126 09:47:23.000,11840,11890,11765,11845,109510,11840,194,102
20151126 09:47:25.000,11840,11890,11765,11845,109608,11840,145,137
20151126 09:47:26.000,11840,11890,11765,11845,109618,11840,140,132
20151126 09:47:28.000,11840,11890,11765,11845,109618,11840,140,130
20151126 09:47:29.000,11840,11890,11765,11845,109618,11840,142,130
20151126 09:47:33.000,11840,11890,11765,11845,109626,11845,143,91
20151126 09:47:34.000,11840,11890,11765,11845,109630,11845,143,89
20151126 09:47:36.000,11840,11890,11765,11845,109630,11845,143,93
20151126 09:47:37.000,11840,11890,11765,11845,109632,11840,143,128
20151126 09:47:38.000,11835,11890,11765,11840,109918,11840,380,83
20151126 09:47:39.000,11835,11890,11765,11840,109924,11835,379,81
20151126 09:47:39.000,11835,11890,11765,11840,109972,11835,357,102
20151126 09:47:40.000,11835,11890,11765,11840,109998,11835,345,136
20151126 09:47:40.000,11835,11890,11765,11840,110000,11835,344,136
20151126 09:47:41.000,11835,11890,11765,11840,110002,11840,344,135
20151126 09:47:42.000,11835,11890,11765,11840,110004,11835,343,135
20151126 09:47:43.000,11835,11890,11765,11840,110006,11835,342,136
20151126 09:47:45.000,11835,11890,11765,11840,110008,11840,342,135
20151126 09:47:46.000,11835,11890,11765,11840,110010,11840,342,134
20151126 09:47:47.000,11835,11890,11765,11840,110010,11840,338,136
20151126 09:47:48.000,11835,11890,11765,11840,110010,11840,338,137
20151126 09:47:51.000,11835,11890,11765,11840,110010,11840,338,147
20151126 09:47:53.000,11835,11890,11765,11840,110014,11835,337,148
20151126 09:47:54.000,11835,11890,11765,11840,110014,11835,337,147
20151126 09:47:55.000,11835,11890,11765,11840,110026,11840,337,141
20151126 09:47:55.000,11835,11890,11765,11840,110028,11835,336,141
20151126 09:47:58.000,11835,11890,11765,11840,110028,11835,336,144
20151126 09:47:59.000,11835,11890,11765,11840,110030,11835,335,144
20151126 09:48:00.000,11835,11890,11765,11840,110030,11835,337,145
20151126 09:48:01.000,11835,11890,11765,11840,110030,11835,337,149
20151126 09:48:03.000,11835,11890,11765,11840,110038,11835,343,149
20151126 09:48:05.000,11835,11890,11765,11840,110038,11835,353,114
20151126 09:48:06.000,11835,11890,11765,11840,110038,11835,355,112
20151126 09:48:06.000,11835,11890,11765,11840,110042,11835,353,112
20151126 09:48:07.000,11835,11890,11765,11840,110042,11835,353,114
20151126 09:48:08.000,11835,11890,11765,11840,110168,11840,353,51
20151126 09:48:09.000,11840,11890,11765,11845,110278,11840,42,80
20151126 09:48:11.000,11840,11890,11765,11845,110278,11840,45,79
20151126 09:48:12.000,11840,11890,11765,11845,110290,11840,44,73
20151126 09:48:12.000,11840,11890,11765,11845,110298,11840,40,73
20151126 09:48:13.000,11840,11890,11765,11845,110298,11840,40,75
20151126 09:48:14.000,11840,11890,11765,11845,110298,11840,41,79
20151126 09:48:14.000,11840,11890,11765,11845,110318,11840,31,79
20151126 09:48:15.000,11840,11890,11765,11845,110318,11840,41,79
20151126 09:48:16.000,11840,11890,11765,11845,110320,11840,40,89
20151126 09:48:17.000,11840,11890,11765,11845,110324,11840,39,89
20151126 09:48:17.000,11840,11890,11765,11845,110334,11840,34,116
20151126 09:48:19.000,11840,11890,11765,11845,110346,11840,28,116
20151126 09:48:20.000,11840,11890,11765,11845,110348,11845,28,115
20151126 09:48:23.000,11840,11890,11765,11845,110366,11840,19,115
20151126 09:48:25.000,11840,11890,11765,11845,110372,11840,17,116
20151126 09:48:25.000,11840,11890,11765,11845,110396,11840,5,113
20151126 09:48:26.000,11840,11890,11765,11845,110412,11840,3,111
20151126 09:48:26.000,11835,11890,11765,11840,110418,11840,374,51
20151126 09:48:27.000,11835,11890,11765,11840,110418,11840,374,86
20151126 09:48:27.000,11835,11890,11765,11840,110422,11840,374,85
20151126 09:48:30.000,11835,11890,11765,11840,110422,11840,375,85
20151126 09:48:30.000,11835,11890,11765,11840,110428,11840,375,82
20151126 09:48:31.000,11835,11890,11765,11840,110428,11840,375,83
20151126 09:48:32.000,11835,11890,11765,11840,110430,11840,375,82
20151126 09:48:33.000,11835,11890,11765,11840,110432,11840,376,81
20151126 09:48:34.000,11835,11890,11765,11840,110432,11840,380,81
20151126 09:48:35.000,11835,11890,11765,11840,110432,11840,381,81
20151126 09:48:36.000,11835,11890,11765,11840,110432,11840,381,82
20151126 09:48:37.000,11835,11890,11765,11840,110434,11840,382,84
20151126 09:48:38.000,11835,11890,11765,11840,110436,11840,382,83
20151126 09:48:38.000,11835,11890,11765,11840,110440,11840,382,81
20151126 09:48:39.000,11835,11890,11765,11840,110442,11840,382,80
20151126 09:48:40.000,11835,11890,11765,11840,110442,11840,382,83
20151126 09:48:42.000,11835,11890,11765,11840,110442,11840,385,83
20151126 09:48:43.000,11835,11890,11765,11840,110446,11840,385,46
20151126 09:48:44.000,11835,11890,11765,11840,110448,11840,385,45
20151126 09:48:45.000,11835,11890,11765,11840,110448,11840,390,45
20151126 09:48:47.000,11835,11890,11765,11840,110450,11840,390,44
20151126 09:48:48.000,11835,11890,11765,11840,110450,11840,389,44
20151126 09:48:48.000,11835,11890,11765,11840,110454,11840,389,42
20151126 09:48:51.000,11835,11890,11765,11840,110456,11840,389,41
20151126 09:48:52.000,11835,11890,11765,11840,110458,11840,395,40
20151126 09:48:53.000,11835,11890,11765,11840,110464,11840,394,37
20151126 09:48:54.000,11835,11890,11765,11840,110466,11840,394,37
20151126 09:48:54.000,11835,11890,11765,11840,110486,11840,394,27
20151126 09:48:55.000,11835,11890,11765,11840,110528,11835,398,7
20151126 09:48:56.000,11840,11890,11765,11845,110542,11840,27,104
20151126 09:48:57.000,11840,11890,11765,11845,110542,11840,39,104
20151126 09:48:58.000,11840,11890,11765,11845,110552,11840,34,104
20151126 09:48:59.000,11840,11890,11765,11845,110572,11840,40,104
20151126 09:49:00.000,11840,11890,11765,11845,110572,11840,41,104
20151126 09:49:01.000,11840,11890,11765,11845,110572,11840,43,104
20151126 09:49:02.000,11840,11890,11765,11845,110572,11840,43,108
20151126 09:49:04.000,11840,11890,11765,11845,110578,11840,40,108
20151126 09:49:04.000,11840,11890,11765,11845,110580,11840,39,108
20151126 09:49:09.000,11840,11890,11765,11845,110580,11840,41,108
20151126 09:49:10.000,11840,11890,11765,11845,110582,11840,41,108
20151126 09:49:14.000,11840,11890,11765,11845,110582,11840,42,108
20151126 09:49:17.000,11840,11890,11765,11845,110588,11845,44,105
20151126 09:49:18.000,11840,11890,11765,11845,110588,11845,43,105
20151126 09:49:18.000,11840,11890,11765,11845,110596,11845,43,101
20151126 09:49:19.000,11840,11890,11765,11845,110596,11845,45,101
20151126 09:49:22.000,11840,11890,11765,11845,110596,11845,56,101
20151126 09:49:23.000,11840,11890,11765,11845,110614,11840,47,101
20151126 09:49:25.000,11840,11890,11765,11845,110614,11840,48,101
20151126 09:49:26.000,11840,11890,11765,11845,110614,11840,115,101
20151126 09:49:29.000,11840,11890,11765,11845,110674,11840,85,102
20151126 09:49:34.000,11840,11890,11765,11845,110676,11845,85,107
20151126 09:49:35.000,11840,11890,11765,11845,110736,11840,56,107
20151126 09:49:39.000,11840,11890,11765,11845,110738,11840,55,107
20151126 09:49:40.000,11840,11890,11765,11845,110738,11840,55,108
20151126 09:49:45.000,11840,11890,11765,11845,110750,11845,55,103
20151126 09:49:46.000,11840,11890,11765,11845,110750,11845,56,103
20151126 09:49:51.000,11840,11890,11765,11845,110750,11845,106,103
20151126 09:49:54.000,11840,11890,11765,11845,110754,11840,104,101
20151126 09:49:56.000,11840,11890,11765,11845,110756,11840,103,101
20151126 09:50:01.000,11840,11890,11765,11845,110758,11845,104,99
20151126 09:50:02.000,11840,11890,11765,11845,110762,11845,108,97
20151126 09:50:03.000,11840,11890,11765,11845,110762,11845,112,70
20151126 09:50:04.000,11840,11890,11765,11845,110766,11840,110,70
20151126 09:50:05.000,11840,11890,11765,11845,110772,11845,108,67
20151126 09:50:05.000,11840,11890,11765,11845,110774,11845,108,66
20151126 09:50:06.000,11840,11890,11765,11845,110776,11845,108,65
20151126 09:50:08.000,11840,11890,11765,11845,110780,11845,108,63
20151126 09:50:15.000,11840,11890,11765,11845,110780,11845,110,63
20151126 09:50:21.000,11840,11890,11765,11845,110820,11845,110,43
20151126 09:50:23.000,11840,11890,11765,11845,110838,11840,103,43
20151126 09:50:25.000,11840,11890,11765,11845,110838,11840,108,43
20151126 09:50:26.000,11840,11890,11765,11845,110842,11845,108,41
20151126 09:50:26.000,11840,11890,11765,11845,110846,11845,108,39
20151126 09:50:27.000,11840,11890,11765,11845,110846,11845,111,39
20151126 09:50:28.000,11840,11890,11765,11845,110852,11845,111,36
20151126 09:50:29.000,11840,11890,11765,11845,110852,11845,111,43
20151126 09:50:30.000,11840,11890,11765,11845,110854,11845,116,42
20151126 09:50:36.000,11840,11890,11765,11845,110856,11845,126,41
20151126 09:50:36.000,11840,11890,11765,11845,110866,11845,126,36
20151126 09:50:38.000,11840,11890,11765,11845,110876,11845,126,31
20151126 09:50:39.000,11840,11890,11765,11845,110876,11845,126,37
20151126 09:50:40.000,11840,11890,11765,11845,110878,11845,126,39
20151126 09:50:41.000,11840,11890,11765,11845,110878,11845,130,39
20151126 09:50:42.000,11840,11890,11765,11845,110878,11845,135,37
20151126 09:50:44.000,11845,11890,11765,11850,110952,11845,1,82
20151126 09:50:45.000,11845,11890,11765,11850,110952,11845,10,82
20151126 09:50:47.000,11850,11890,11765,11855,111136,11850,9,108
20151126 09:50:48.000,11845,11890,11765,11850,111156,11850,47,25
20151126 09:50:50.000,11845,11890,11765,11850,111156,11850,36,67
20151126 09:50:53.000,11850,11890,11765,11855,111290,11850,39,112
20151126 09:50:56.000,11850,11890,11765,11855,111298,11850,35,112
20151126 09:50:57.000,11850,11890,11765,11855,111300,11850,38,112
20151126 09:51:00.000,11850,11890,11765,11855,111366,11855,6,90
20151126 09:51:00.000,11850,11890,11765,11855,111372,11855,9,88
20151126 09:51:01.000,11850,11890,11765,11855,111376,11855,9,86
20151126 09:51:01.000,11845,11890,11765,11850,111396,11850,117,31
20151126 09:51:03.000,11845,11890,11765,11850,111396,11850,117,34
20151126 09:51:04.000,11845,11890,11765,11850,111400,11850,116,33
20151126 09:51:06.000,11845,11890,11765,11850,111400,11850,116,34
20151126 09:51:07.000,11845,11890,11765,11850,111402,11850,116,38
20151126 09:51:09.000,11845,11890,11765,11850,111408,11850,116,35
20151126 09:51:09.000,11845,11890,11765,11850,111414,11850,116,32
20151126 09:51:11.000,11845,11890,11765,11850,111414,11850,121,32
20151126 09:51:12.000,11845,11890,11765,11850,111418,11850,121,34
20151126 09:51:17.000,11845,11890,11765,11850,111420,11850,121,33
20151126 09:51:17.000,11845,11890,11765,11850,111422,11850,121,32
20151126 09:51:19.000,11845,11890,11765,11850,111424,11850,121,41
20151126 09:51:20.000,11845,11890,11765,11850,111424,11850,121,42
20151126 09:51:20.000,11845,11890,11765,11850,111624,11845,21,54
20151126 09:51:21.000,11845,11890,11765,11850,111634,11850,20,49
20151126 09:51:21.000,11840,11890,11765,11845,111674,11845,237,7
20151126 09:51:22.000,11840,11890,11765,11845,111684,11845,237,2
20151126 09:51:23.000,11840,11890,11765,11845,111684,11845,237,57
20151126 09:51:23.000,11840,11890,11765,11845,111702,11840,228,57
20151126 09:51:24.000,11840,11890,11765,11845,111702,11840,228,58
20151126 09:51:28.000,11840,11890,11765,11845,111704,11845,228,57
20151126 09:51:28.000,11840,11890,11765,11845,111706,11845,228,56
20151126 09:51:29.000,11840,11890,11765,11845,111706,11845,228,59
20151126 09:51:30.000,11840,11890,11765,11845,111706,11845,224,59
20151126 09:51:30.000,11840,11890,11765,11845,111708,11845,220,58
20151126 09:51:31.000,11840,11890,11765,11845,111748,11840,200,58
20151126 09:51:32.000,11840,11890,11765,11845,111784,11845,200,40
20151126 09:51:33.000,11840,11890,11765,11845,111784,11845,125,50
20151126 09:51:35.000,11840,11890,11765,11845,111784,11845,120,50
20151126 09:51:36.000,11840,11890,11765,11845,111846,11840,119,14
20151126 09:51:38.000,11840,11890,11765,11845,111848,11845,119,13
20151126 09:51:39.000,11840,11890,11765,11845,111848,11845,122,13
20151126 09:51:43.000,11840,11890,11765,11845,111848,11845,121,13
20151126 09:51:46.000,11845,11890,11765,11850,111886,11845,23,104
20151126 09:51:47.000,11845,11890,11765,11850,111886,11845,23,112
20151126 09:51:48.000,11845,11890,11765,11850,111890,11845,21,117
20151126 09:51:50.000,11845,11890,11765,11850,111890,11845,22,117
20151126 09:51:51.000,11845,11890,11765,11850,111892,11845,31,117
20151126 09:51:52.000,11845,11890,11765,11850,111894,11850,31,116
20151126 09:51:53.000,11845,11890,11765,11850,111896,11845,30,116
20151126 09:51:54.000,11845,11890,11765,11850,111896,11845,81,116
20151126 09:51:55.000,11845,11890,11765,11850,111898,11845,80,116
20151126 09:51:56.000,11845,11890,11765,11850,111900,11850,80,115
20151126 09:51:57.000,11845,11890,11765,11850,111900,11850,132,115
20151126 09:52:00.000,11845,11890,11765,11850,111902,11845,134,115
20151126 09:52:04.000,11845,11890,11765,11850,111904,11845,133,114
20151126 09:52:06.000,11845,11890,11765,11850,111906,11845,132,118
20151126 09:52:07.000,11845,11890,11765,11850,111906,11845,97,118
20151126 09:52:07.000,11845,11890,11765,11850,111956,11850,97,93
20151126 09:52:14.000,11845,11890,11765,11850,111956,11850,98,94
20151126 09:52:15.000,11845,11890,11765,11850,111958,11850,98,93
20151126 09:52:16.000,11845,11890,11765,11850,111958,11850,103,93
20151126 09:52:18.000,11845,11890,11765,11850,111968,11850,103,88
20151126 09:52:19.000,11845,11890,11765,11850,111968,11850,103,80
20151126 09:52:20.000,11845,11890,11765,11850,111968,11850,104,80
20151126 09:52:23.000,11845,11890,11765,11850,111986,11845,95,80
20151126 09:52:25.000,11845,11890,11765,11850,111990,11850,95,78
20151126 09:52:26.000,11845,11890,11765,11850,111996,11850,95,75
20151126 09:52:27.000,11845,11890,11765,11850,111996,11850,94,75
20151126 09:52:30.000,11845,11890,11765,11850,111996,11850,95,75
20151126 09:52:30.000,11845,11890,11765,11850,112008,11845,89,75
20151126 09:52:31.000,11845,11890,11765,11850,112010,11850,89,74
20151126 09:52:32.000,11845,11890,11765,11850,112012,11850,89,74
20151126 09:52:33.000,11845,11890,11765,11850,112014,11850,90,73
20151126 09:52:35.000,11845,11890,11765,11850,112018,11845,88,74
20151126 09:52:36.000,11845,11890,11765,11850,112018,11845,92,82
20151126 09:52:37.000,11845,11890,11765,11850,112028,11850,88,81
20151126 09:52:38.000,11845,11890,11765,11850,112038,11850,88,76
20151126 09:52:39.000,11845,11890,11765,11850,112038,11850,88,86
20151126 09:52:40.000,11845,11890,11765,11850,112038,11850,88,87
20151126 09:52:44.000,11845,11890,11765,11850,112038,11850,88,91
20151126 09:52:45.000,11845,11890,11765,11850,112050,11845,127,91
20151126 09:52:50.000,11845,11890,11765,11850,112070,11850,90,83
20151126 09:52:53.000,11845,11890,11765,11850,112080,11850,90,78
20151126 09:52:53.000,11845,11890,11765,11850,112090,11845,85,78
20151126 09:52:54.000,11845,11890,11765,11850,112090,11845,85,83
20151126 09:52:55.000,11845,11890,11765,11850,112092,11845,84,83
20151126 09:52:56.000,11845,11890,11765,11850,112092,11845,84,118
20151126 09:52:57.000,11845,11890,11765,11850,112092,11845,74,118
20151126 09:52:58.000,11845,11890,11765,11850,112092,11845,76,83
20151126 09:52:59.000,11845,11890,11765,11850,112094,11845,75,83
20151126 09:53:00.000,11845,11890,11765,11850,112094,11845,85,83
20151126 09:53:04.000,11845,11890,11765,11850,112100,11845,84,81
20151126 09:53:05.000,11845,11890,11765,11850,112100,11845,84,82
20151126 09:53:07.000,11845,11890,11765,11850,112100,11845,84,84
20151126 09:53:08.000,11845,11890,11765,11850,112100,11845,85,84
20151126 09:53:13.000,11845,11890,11765,11850,112102,11845,84,85
20151126 09:53:18.000,11845,11890,11765,11850,112102,11845,86,85
20151126 09:53:20.000,11845,11890,11765,11850,112102,11845,87,85
20151126 09:53:22.000,11845,11890,11765,11850,112108,11845,84,85
20151126 09:53:23.000,11845,11890,11765,11850,112144,11845,75,76
20151126 09:53:26.000,11845,11890,11765,11850,112146,11845,74,76
20151126 09:53:29.000,11845,11890,11765,11850,112146,11845,74,77
20151126 09:53:30.000,11845,11890,11765,11850,112150,11845,72,77
20151126 09:53:35.000,11845,11890,11765,11850,112150,11845,72,78
20151126 09:53:35.000,11845,11890,11765,11850,112152,11845,71,78
20151126 09:53:42.000,11845,11890,11765,11850,112154,11850,71,77
20151126 09:53:46.000,11840,11890,11765,11845,112296,11845,244,20
20151126 09:53:47.000,11840,11890,11765,11845,112296,11845,244,75
20151126 09:53:48.000,11840,11890,11765,11845,112310,11845,244,33
20151126 09:53:49.000,11840,11890,11765,11845,112310,11845,245,33
20151126 09:53:50.000,11840,11890,11765,11845,112310,11845,245,13
20151126 09:53:54.000,11840,11890,11765,11845,112310,11845,226,13
20151126 09:53:55.000,11840,11890,11765,11845,112312,11845,226,12
20151126 09:53:56.000,11840,11890,11765,11845,112314,11840,225,12
20151126 09:54:00.000,11840,11890,11765,11845,112314,11840,225,14
20151126 09:54:01.000,11840,11890,11765,11845,112316,11845,225,13
20151126 09:54:02.000,11840,11890,11765,11845,112326,11845,225,8
20151126 09:54:03.000,11840,11890,11765,11845,112328,11845,225,7
20151126 09:54:04.000,11840,11890,11765,11845,112332,11845,224,7
20151126 09:54:05.000,11840,11890,11765,11845,112336,11845,224,5
20151126 09:54:08.000,11840,11890,11765,11845,112338,11845,226,5
20151126 09:54:10.000,11840,11890,11765,11845,112338,11845,226,41
20151126 09:54:12.000,11840,11890,11765,11845,112340,11845,223,40
20151126 09:54:17.000,11840,11890,11765,11845,112342,11845,223,39
20151126 09:54:18.000,11840,11890,11765,11845,112346,11845,223,2
20151126 09:54:23.000,11840,11890,11765,11845,112362,11840,216,2
20151126 09:54:24.000,11840,11890,11765,11845,112362,11840,216,37
20151126 09:54:24.000,11840,11890,11765,11845,112380,11845,216,28
20151126 09:54:25.000,11840,11890,11765,11845,112380,11845,216,38
20151126 09:54:27.000,11840,11890,11765,11845,112382,11845,216,37
20151126 09:54:27.000,11840,11890,11765,11845,112390,11845,216,33
20151126 09:54:28.000,11840,11890,11765,11845,112390,11845,226,33
20151126 09:54:29.000,11840,11890,11765,11845,112414,11840,224,23
20151126 09:54:31.000,11840,11890,11765,11845,112416,11845,224,22
20151126 09:54:35.000,11840,11890,11765,11845,112416,11845,234,32
20151126 09:54:38.000,11840,11890,11765,11845,112418,11845,233,31
20151126 09:54:38.000,11840,11890,11765,11845,112420,11845,233,30
20151126 09:54:42.000,11840,11890,11765,11845,112424,11840,231,30
20151126 09:54:43.000,11840,11890,11765,11845,112424,11840,241,20
20151126 09:54:44.000,11840,11890,11765,11845,112424,11840,242,20
20151126 09:54:47.000,11840,11890,11765,11845,112424,11840,241,20
20151126 09:54:48.000,11840,11890,11765,11845,112428,11845,241,18
20151126 09:54:49.000,11840,11890,11765,11845,112430,11845,241,17
20151126 09:54:51.000,11845,11890,11765,11850,112464,11845,21,75
20151126 09:54:52.000,11845,11890,11765,11850,112464,11845,47,75
20151126 09:54:53.000,11845,11890,11765,11850,112464,11845,57,75
20151126 09:54:54.000,11845,11890,11765,11850,112474,11845,52,75
20151126 09:54:56.000,11845,11890,11765,11850,112476,11845,51,75
20151126 09:55:00.000,11845,11890,11765,11850,112478,11845,50,75
20151126 09:55:01.000,11850,11890,11765,11855,112628,11850,20,126
20151126 09:55:02.000,11850,11890,11765,11855,112718,11845,5,115
20151126 09:55:02.000,11845,11890,11765,11850,112728,11850,27,156
20151126 09:55:03.000,11845,11890,11765,11850,112734,11845,24,156
20151126 09:55:04.000,11845,11890,11765,11850,112734,11845,26,156
20151126 09:55:04.000,11845,11890,11765,11850,112736,11845,27,156
20151126 09:55:05.000,11845,11890,11765,11850,112776,11845,7,156
20151126 09:55:05.000,11840,11890,11765,11845,112794,11845,240,17
20151126 09:55:06.000,11850,11890,11765,11855,112894,11850,48,104
20151126 09:55:10.000,11850,11890,11765,11855,112942,11850,24,105
20151126 09:55:12.000,11850,11890,11765,11855,112946,11850,22,105
20151126 09:55:13.000,11850,11890,11765,11855,112946,11850,22,86
20151126 09:55:15.000,11850,11890,11765,11855,112966,11850,12,86
20151126 09:55:17.000,11850,11890,11765,11855,112974,11850,8,86
20151126 09:55:20.000,11850,11890,11765,11855,112974,11850,14,86
20151126 09:55:20.000,11850,11890,11765,11855,112994,11850,4,87
20151126 09:55:21.000,11845,11890,11765,11855,112994,11850,166,87
20151126 09:55:23.000,11850,11890,11765,11855,112994,11850,37,87
20151126 09:55:25.000,11850,11890,11765,11855,112994,11850,2,89
20151126 09:55:27.000,11850,11890,11765,11855,112994,11850,2,87
20151126 09:55:29.000,11850,11890,11765,11855,112996,11850,1,87
20151126 09:55:30.000,11850,11890,11765,11855,112996,11850,4,87
20151126 09:55:31.000,11850,11890,11765,11855,112996,11850,39,87
20151126 09:55:32.000,11850,11890,11765,11855,112996,11850,41,87
20151126 09:55:33.000,11850,11890,11765,11855,112996,11850,42,89
20151126 09:55:36.000,11850,11890,11765,11855,112996,11850,43,89
20151126 09:55:38.000,11850,11890,11765,11855,112996,11850,8,89
20151126 09:55:38.000,11850,11890,11765,11855,113004,11850,4,89
20151126 09:55:39.000,11850,11890,11765,11855,113014,11855,5,84
20151126 09:55:40.000,11850,11890,11765,11855,113014,11855,10,85
20151126 09:55:42.000,11850,11890,11765,11855,113018,11855,12,83
20151126 09:55:44.000,11850,11890,11765,11855,113020,11850,11,84
20151126 09:55:45.000,11850,11890,11765,11855,113020,11850,13,84
20151126 09:55:45.000,11845,11890,11765,11850,113046,11850,192,28
20151126 09:55:47.000,11845,11890,11765,11850,113046,11850,193,28
20151126 09:55:48.000,11845,11890,11765,11850,113048,11850,193,27
20151126 09:55:51.000,11845,11890,11765,11850,113048,11850,186,27
20151126 09:55:52.000,11845,11890,11765,11850,113050,11850,186,26
20151126 09:55:52.000,11845,11890,11765,11850,113070,11850,187,18
20151126 09:55:53.000,11845,11890,11765,11850,113070,11850,189,18
20151126 09:55:54.000,11845,11890,11765,11850,113072,11850,189,17
20151126 09:55:54.000,11845,11890,11765,11850,113078,11850,189,14
20151126 09:55:55.000,11845,11890,11765,11850,113082,11850,189,12
20151126 09:55:56.000,11845,11890,11765,11850,113084,11845,188,12
20151126 09:55:58.000,11845,11890,11765,11850,113094,11850,188,7
20151126 09:55:59.000,11845,11890,11765,11850,113104,11850,188,2
20151126 09:55:59.000,11845,11890,11765,11850,113106,11850,188,1
20151126 09:56:00.000,11850,11890,11765,11855,113110,11850,2,83
20151126 09:56:01.000,11850,11890,11765,11855,113110,11850,37,83
20151126 09:56:02.000,11850,11890,11765,11855,113114,11850,38,85
20151126 09:56:03.000,11850,11890,11765,11855,113114,11850,3,83
20151126 09:56:04.000,11850,11890,11765,11855,113116,11850,37,83
20151126 09:56:05.000,11850,11890,11765,11855,113116,11850,2,85
20151126 09:56:06.000,11850,11890,11765,11855,113116,11850,37,83
20151126 09:56:07.000,11850,11890,11765,11855,113116,11850,2,103
20151126 09:56:09.000,11845,11890,11765,11855,113116,11850,192,103
20151126 09:56:10.000,11845,11890,11765,11850,113116,11850,192,12
20151126 09:56:11.000,11845,11890,11765,11850,113116,11850,192,15
20151126 09:56:12.000,11845,11890,11765,11850,113118,11845,191,15
20151126 09:56:13.000,11845,11890,11765,11850,113118,11845,191,17
20151126 09:56:13.000,11845,11890,11765,11850,113124,11850,191,14
20151126 09:56:14.000,11845,11890,11765,11850,113124,11850,191,12
20151126 09:56:15.000,11850,11890,11765,11855,113150,11850,37,102
20151126 09:56:16.000,11850,11890,11765,11855,113150,11850,40,102
20151126 09:56:17.000,11850,11890,11765,11855,113150,11850,75,102
20151126 09:56:18.000,11850,11890,11765,11855,113150,11850,75,104
20151126 09:56:19.000,11850,11890,11765,11855,113150,11850,75,102
20151126 09:56:21.000,11850,11890,11765,11855,113154,11850,73,102
20151126 09:56:23.000,11850,11890,11765,11855,113156,11850,72,104
20151126 09:56:23.000,11850,11890,11765,11855,113160,11855,75,100
20151126 09:56:27.000,11850,11890,11765,11855,113160,11855,73,100
20151126 09:56:31.000,11850,11890,11765,11855,113160,11855,73,102
20151126 09:56:32.000,11850,11890,11765,11855,113160,11855,73,100
20151126 09:56:35.000,11850,11890,11765,11855,113164,11855,73,98
20151126 09:56:36.000,11850,11890,11765,11855,113164,11855,75,98
20151126 09:56:37.000,11850,11890,11765,11855,113164,11855,77,98
20151126 09:56:39.000,11850,11890,11765,11855,113164,11855,76,98
20151126 09:56:41.000,11850,11890,11765,11855,113164,11855,126,98
20151126 09:56:42.000,11850,11890,11765,11855,113166,11855,126,98
20151126 09:56:42.000,11850,11890,11765,11855,113182,11855,157,90
20151126 09:56:43.000,11850,11890,11765,11855,113184,11855,159,89
20151126 09:56:46.000,11850,11890,11765,11855,113184,11855,160,89
20151126 09:56:47.000,11850,11890,11765,11855,113188,11855,160,88
20151126 09:56:49.000,11850,11890,11765,11855,113188,11855,160,93
20151126 09:56:50.000,11850,11890,11765,11855,113192,11855,160,91
20151126 09:56:51.000,11850,11890,11765,11855,113194,11855,160,92
20151126 09:56:52.000,11850,11890,11765,11855,113194,11855,164,90
20151126 09:56:53.000,11850,11890,11765,11855,113208,11855,164,83
20151126 09:56:54.000,11850,11890,11765,11855,113208,11855,171,83
20151126 09:56:56.000,11850,11890,11765,11855,113208,11855,172,83
20151126 09:56:56.000,11850,11890,11765,11855,113210,11850,171,83
20151126 09:56:57.000,11850,11890,11765,11855,113210,11850,136,93
20151126 09:56:58.000,11850,11890,11765,11855,113210,11850,136,118
20151126 09:57:00.000,11850,11890,11765,11855,113210,11850,141,118
20151126 09:57:03.000,11850,11890,11765,11855,113210,11850,141,119
20151126 09:57:04.000,11850,11890,11765,11855,113212,11850,140,119
20151126 09:57:05.000,11850,11890,11765,11855,113212,11850,141,119
20151126 09:57:09.000,11850,11890,11765,11855,113218,11855,141,116
20151126 09:57:09.000,11850,11890,11765,11855,113232,11855,141,111
20151126 09:57:10.000,11850,11890,11765,11855,113232,11855,138,111
20151126 09:57:13.000,11850,11890,11765,11855,113232,11855,142,111
20151126 09:57:14.000,11850,11890,11765,11855,113238,11855,142,108
20151126 09:57:18.000,11850,11890,11765,11855,113244,11855,142,105
20151126 09:57:19.000,11850,11890,11765,11855,113244,11855,142,109
20151126 09:57:20.000,11850,11890,11765,11855,113248,11855,142,107
20151126 09:57:21.000,11850,11890,11765,11855,113248,11855,145,107
20151126 09:57:26.000,11850,11890,11765,11855,113248,11855,153,107
20151126 09:57:28.000,11850,11890,11765,11855,113250,11850,153,107
20151126 09:57:37.000,11850,11890,11765,11855,113258,11850,150,106
20151126 09:57:37.000,11850,11890,11765,11855,113266,11855,150,102
20151126 09:57:40.000,11850,11890,11765,11855,113268,11855,150,101
20151126 09:57:41.000,11850,11890,11765,11855,113268,11855,160,101
20151126 09:57:43.000,11850,11890,11765,11855,113268,11855,160,103
20151126 09:57:44.000,11850,11890,11765,11855,113272,11855,160,101
20151126 09:57:46.000,11850,11890,11765,11855,113272,11855,170,101
20151126 09:57:48.000,11850,11890,11765,11855,113272,11855,170,99
20151126 09:57:49.000,11850,11890,11765,11855,113274,11850,169,98
20151126 09:57:49.000,11850,11890,11765,11855,113280,11855,169,95
20151126 09:57:50.000,11850,11890,11765,11855,113284,11855,169,93
20151126 09:57:51.000,11850,11890,11765,11855,113294,11850,165,92
20151126 09:57:53.000,11850,11890,11765,11855,113294,11850,165,93
20151126 09:57:53.000,11850,11890,11765,11855,113302,11850,163,92
20151126 09:57:54.000,11850,11890,11765,11855,113306,11855,163,90
20151126 09:57:55.000,11850,11890,11765,11855,113306,11855,164,90
20151126 09:57:58.000,11850,11890,11765,11855,113310,11855,164,88
20151126 09:57:59.000,11855,11890,11765,11860,113486,11855,113,71
20151126 09:57:59.000,11855,11890,11765,11860,113496,11860,141,67
20151126 09:58:00.000,11855,11890,11765,11860,113498,11860,141,66
20151126 09:58:01.000,11855,11890,11765,11860,113500,11860,141,65
20151126 09:58:02.000,11855,11890,11765,11860,113500,11860,148,65
20151126 09:58:02.000,11855,11890,11765,11860,113540,11855,128,55
20151126 09:58:04.000,11855,11890,11765,11860,113540,11855,134,54
20151126 09:58:06.000,11855,11890,11765,11860,113542,11860,134,53
20151126 09:58:08.000,11855,11890,11765,11860,113552,11855,133,53
20151126 09:58:09.000,11855,11890,11765,11860,113552,11855,122,78
20151126 09:58:14.000,11855,11890,11765,11860,113564,11860,122,73
20151126 09:58:15.000,11855,11890,11765,11860,113566,11860,122,72
20151126 09:58:15.000,11855,11890,11765,11860,113568,11860,122,71
20151126 09:58:18.000,11855,11890,11765,11860,113568,11860,122,81
20151126 09:58:19.000,11855,11890,11765,11860,113628,11860,122,57
20151126 09:58:19.000,11855,11890,11765,11860,113636,11860,122,53
20151126 09:58:20.000,11855,11890,11765,11860,113636,11860,123,63
20151126 09:58:20.000,11855,11890,11765,11860,113686,11860,123,38
20151126 09:58:21.000,11855,11890,11765,11860,113686,11860,123,48
20151126 09:58:22.000,11855,11890,11765,11860,113700,11860,123,41
20151126 09:58:22.000,11855,11890,11765,11860,113718,11860,123,32
20151126 09:58:23.000,11855,11890,11765,11860,113722,11860,123,30
20151126 09:58:24.000,11855,11890,11765,11860,113730,11860,123,53
20151126 09:58:26.000,11855,11890,11765,11860,113732,11860,133,52
20151126 09:58:27.000,11855,11890,11765,11860,113732,11860,133,94
20151126 09:58:29.000,11855,11890,11765,11860,113734,11860,123,93
20151126 09:58:30.000,11855,11890,11765,11860,113736,11860,123,92
20151126 09:58:30.000,11855,11890,11765,11860,113750,11860,124,85
20151126 09:58:31.000,11855,11890,11765,11860,113752,11860,124,84
20151126 09:58:32.000,11860,11890,11765,11865,113922,11860,15,106
20151126 09:58:33.000,11860,11890,11765,11865,113944,11860,6,106
20151126 09:58:36.000,11860,11890,11765,11865,113952,11865,6,102
20151126 09:58:36.000,11860,11890,11765,11865,113956,11860,4,102
20151126 09:58:37.000,11860,11890,11765,11865,113970,11860,3,96
20151126 09:58:39.000,11860,11890,11765,11865,113972,11865,40,95
20151126 09:58:40.000,11860,11890,11765,11865,113980,11865,41,91
20151126 09:58:42.000,11860,11890,11765,11865,114118,11865,51,23
20151126 09:58:42.000,11860,11890,11765,11865,114178,11865,54,7
20151126 09:58:44.000,11860,11890,11765,11865,114180,11860,60,18
20151126 09:58:45.000,11860,11890,11765,11865,114180,11860,60,56
20151126 09:58:47.000,11860,11890,11765,11865,114180,11860,64,57
20151126 09:58:48.000,11860,11890,11765,11865,114180,11860,67,57
20151126 09:58:48.000,11860,11890,11765,11865,114192,11865,67,51
20151126 09:58:50.000,11860,11890,11765,11865,114192,11865,68,55
20151126 09:58:53.000,11860,11890,11765,11865,114192,11865,68,56
20151126 09:58:53.000,11860,11890,11765,11865,114194,11865,68,55
20151126 09:58:54.000,11860,11890,11765,11865,114206,11865,68,49
20151126 09:58:57.000,11860,11890,11765,11865,114206,11865,68,51
20151126 09:58:58.000,11860,11890,11765,11865,114208,11860,32,51
20151126 09:58:59.000,11860,11890,11765,11865,114208,11860,41,51
20151126 09:58:59.000,11860,11890,11765,11865,114212,11865,41,49
20151126 09:58:59.000,11855,11890,11765,11860,114314,11860,172,150
20151126 09:59:00.000,11855,11890,11765,11860,114314,11860,172,153
20151126 09:59:00.000,11855,11890,11765,11860,114320,11860,172,150
20151126 09:59:01.000,11855,11890,11765,11860,114330,11860,172,145
20151126 09:59:03.000,11855,11890,11765,11860,114430,11860,172,95
20151126 09:59:04.000,11855,11890,11765,11860,114430,11860,118,96
20151126 09:59:05.000,11855,11890,11765,11860,114456,11860,118,85
20151126 09:59:06.000,11855,11890,11765,11860,114456,11860,119,85
20151126 09:59:08.000,11855,11890,11765,11860,114474,11860,119,76
20151126 09:59:10.000,11855,11890,11765,11860,114476,11860,119,75
20151126 09:59:11.000,11855,11890,11765,11860,114478,11860,119,74
20151126 09:59:13.000,11855,11890,11765,11860,114482,11860,121,72
20151126 09:59:14.000,11855,11890,11765,11860,114482,11860,121,69
20151126 09:59:15.000,11855,11890,11765,11860,114482,11860,122,70
20151126 09:59:16.000,11855,11890,11765,11860,114484,11860,122,70
20151126 09:59:17.000,11855,11890,11765,11860,114484,11860,132,70
20151126 09:59:17.000,11855,11890,11765,11860,114490,11855,129,70
20151126 09:59:18.000,11855,11890,11765,11860,114494,11860,129,68
20151126 09:59:21.000,11855,11890,11765,11860,114494,11860,129,69
20151126 09:59:22.000,11855,11890,11765,11860,114494,11860,129,70
20151126 09:59:23.000,11855,11890,11765,11860,114494,11860,129,75
20151126 09:59:24.000,11855,11890,11765,11860,114524,11855,114,75
20151126 09:59:25.000,11855,11890,11765,11860,114528,11860,114,73
20151126 09:59:26.000,11855,11890,11765,11860,114530,11860,114,73
20151126 09:59:27.000,11855,11890,11765,11860,114530,11860,114,76
20151126 09:59:29.000,11855,11890,11765,11860,114532,11860,114,75
20151126 09:59:30.000,11855,11890,11765,11860,114532,11860,114,76
20151126 09:59:33.000,11855,11890,11765,11860,114534,11855,112,76
20151126 09:59:33.000,11855,11890,11765,11860,114536,11860,102,75
20151126 09:59:37.000,11855,11890,11765,11860,114624,11860,102,31
20151126 09:59:39.000,11855,11890,11765,11860,114624,11860,103,31
20151126 09:59:41.000,11855,11890,11765,11860,114624,11860,103,32
20151126 09:59:41.000,11855,11890,11765,11860,114632,11860,103,33
20151126 09:59:42.000,11855,11890,11765,11860,114632,11860,103,34
20151126 09:59:44.000,11855,11890,11765,11860,114648,11860,103,26
20151126 09:59:44.000,11855,11890,11765,11860,114650,11860,103,25
20151126 09:59:46.000,11855,11890,11765,11860,114650,11860,102,25
20151126 09:59:46.000,11855,11890,11765,11860,114654,11860,102,23
20151126 09:59:47.000,11855,11890,11765,11860,114658,11860,102,21
20151126 09:59:50.000,11855,11890,11765,11860,114658,11860,102,22
20151126 09:59:53.000,11855,11890,11765,11860,114660,11860,102,21
20151126 09:59:57.000,11855,11890,11765,11860,114660,11860,112,21
20151126 09:59:59.000,11855,11890,11765,11860,114662,11855,111,21
20151126 10:00:00.000,11855,11890,11765,11860,114682,11860,111,11
20151126 10:00:00.000,11855,11890,11765,11865,114752,11865,116,116
20151126 10:00:01.000,11855,11890,11765,11865,114778,11865,116,103
20151126 10:00:01.000,11855,11890,11765,11865,114794,11865,123,95
20151126 10:00:02.000,11855,11890,11765,11865,114800,11865,123,92
20151126 10:00:03.000,11860,11890,11765,11865,114802,11860,31,102
20151126 10:00:04.000,11860,11890,11765,11865,114802,11860,66,102
20151126 10:00:06.000,11860,11890,11765,11865,114802,11860,71,102
20151126 10:00:08.000,11860,11890,11765,11865,114802,11860,71,103
20151126 10:00:09.000,11860,11890,11765,11865,114804,11860,70,103
20151126 10:00:11.000,11860,11890,11765,11865,114804,11860,80,103
20151126 10:00:13.000,11860,11890,11765,11865,114804,11860,84,103
20151126 10:00:14.000,11860,11890,11765,11865,114804,11860,85,103
20151126 10:00:15.000,11860,11890,11765,11865,114806,11865,85,102
20151126 10:00:16.000,11860,11890,11765,11865,114806,11865,101,102
20151126 10:00:21.000,11860,11890,11765,11865,114806,11865,103,102
20151126 10:00:23.000,11860,11890,11765,11865,114814,11860,100,100
20151126 10:00:24.000,11860,11890,11765,11865,114822,11860,61,100
20151126 10:00:26.000,11860,11890,11765,11865,114822,11860,105,101
20151126 10:00:30.000,11860,11890,11765,11865,114850,11865,105,87
20151126 10:00:31.000,11860,11890,11765,11865,114852,11865,105,86
20151126 10:00:32.000,11860,11890,11765,11865,114852,11865,106,87
20151126 10:00:34.000,11860,11890,11765,11865,114872,11865,106,77
20151126 10:00:35.000,11860,11890,11765,11865,114956,11865,106,35
20151126 10:00:35.000,11860,11890,11765,11865,114972,11865,106,37
20151126 10:00:36.000,11860,11890,11765,11865,115012,11865,106,27
20151126 10:00:37.000,11860,11890,11765,11865,115020,11865,110,26
20151126 10:00:37.000,11860,11890,11765,11865,115030,11865,110,21
20151126 10:00:38.000,11860,11890,11765,11865,115032,11865,110,20
20151126 10:00:39.000,11860,11890,11765,11865,115032,11865,110,28
20151126 10:00:42.000,11860,11890,11765,11865,115034,11865,110,27
20151126 10:00:43.000,11860,11890,11765,11865,115064,11860,95,27
20151126 10:00:43.000,11860,11890,11765,11865,115066,11865,60,26
20151126 10:00:44.000,11860,11890,11765,11865,115066,11865,60,61
20151126 10:00:45.000,11860,11890,11765,11865,115066,11865,60,71
20151126 10:00:45.000,11860,11890,11765,11865,115082,11865,60,73
20151126 10:00:46.000,11860,11890,11765,11865,115092,11860,90,73
20151126 10:00:48.000,11860,11890,11765,11865,115092,11860,105,74
20151126 10:00:49.000,11860,11890,11765,11865,115092,11860,95,74
20151126 10:00:52.000,11860,11890,11765,11865,115092,11860,105,77
20151126 10:00:52.000,11860,11890,11765,11865,115094,11865,105,76
20151126 10:00:54.000,11860,11890,11765,11865,115094,11865,106,76
20151126 10:00:55.000,11860,11890,11765,11865,115096,11865,106,76
20151126 10:00:56.000,11860,11890,11765,11865,115096,11865,106,96
20151126 10:00:57.000,11860,11890,11765,11865,115098,11865,106,95
20151126 10:00:58.000,11860,11890,11765,11865,115104,11860,103,97
20151126 10:00:58.000,11860,11890,11765,11865,115106,11865,103,96
20151126 10:00:59.000,11860,11890,11765,11865,115106,11865,103,99
20151126 10:01:00.000,11860,11890,11765,11865,115178,11865,103,68
20151126 10:01:00.000,11860,11890,11765,11865,115184,11865,103,65
20151126 10:01:01.000,11860,11890,11765,11865,115184,11865,110,65
20151126 10:01:03.000,11860,11890,11765,11865,115220,11865,110,47
20151126 10:01:04.000,11860,11890,11765,11865,115220,11865,111,62
20151126 10:01:06.000,11860,11890,11765,11865,115222,11865,116,61
20151126 10:01:07.000,11860,11890,11765,11865,115222,11865,127,63
20151126 10:01:10.000,11860,11890,11765,11865,115224,11865,127,62
20151126 10:01:11.000,11860,11890,11765,11865,115324,11865,128,12
20151126 10:01:11.000,11860,11890,11765,11865,115344,11865,129,2
20151126 10:01:12.000,11865,11890,11765,11870,115388,11865,9,225
20151126 10:01:12.000,11865,11890,11765,11870,115390,11865,12,225
20151126 10:01:15.000,11865,11890,11765,11870,115390,11865,13,225
20151126 10:01:16.000,11865,11890,11765,11870,115392,11865,53,225
20151126 10:01:20.000,11865,11890,11765,11870,115392,11865,63,225
20151126 10:01:22.000,11865,11890,11765,11870,115394,11865,62,225
20151126 10:01:23.000,11865,11890,11765,11870,115400,11865,59,225
20151126 10:01:25.000,11865,11890,11765,11870,115446,11865,6,232
20151126 10:01:26.000,11865,11890,11765,11870,115448,11865,5,232
20151126 10:01:26.000,11865,11890,11765,11870,115458,11865,10,232
20151126 10:01:28.000,11865,11890,11765,11870,115468,11865,6,232
20151126 10:01:28.000,11865,11890,11765,11870,115470,11870,6,231
20151126 10:01:29.000,11865,11890,11765,11870,115498,11870,6,220
20151126 10:01:30.000,11865,11890,11765,11870,115498,11870,44,220
20151126 10:01:32.000,11865,11890,11765,11870,115502,11870,44,218
20151126 10:01:32.000,11865,11890,11765,11870,115518,11870,54,210
20151126 10:01:38.000,11865,11890,11765,11870,115520,11870,54,209
20151126 10:01:38.000,11865,11890,11765,11870,115522,11870,54,208
20151126 10:01:39.000,11865,11890,11765,11870,115524,11870,54,207
20151126 10:01:40.000,11865,11890,11765,11870,115526,11870,54,206
20151126 10:01:41.000,11865,11890,11765,11870,115536,11865,54,206
20151126 10:01:42.000,11865,11890,11765,11870,115552,11870,54,198
20151126 10:01:43.000,11865,11890,11765,11870,115552,11870,54,200
20151126 10:01:44.000,11865,11890,11765,11870,115554,11870,64,199
20151126 10:01:46.000,11865,11890,11765,11870,115598,11865,45,198
20151126 10:01:46.000,11865,11890,11765,11870,115600,11865,44,197
20151126 10:01:48.000,11865,11890,11765,11870,115602,11870,44,196
20151126 10:01:49.000,11865,11890,11765,11870,115602,11870,44,197
20151126 10:01:49.000,11865,11890,11765,11870,115604,11865,42,197
20151126 10:01:53.000,11865,11890,11765,11870,115644,11865,22,197
20151126 10:01:55.000,11860,11890,11765,11865,115688,11865,132,76
20151126 10:01:55.000,11860,11890,11765,11865,115690,11860,131,78
20151126 10:01:56.000,11860,11890,11765,11865,115698,11860,127,78
20151126 10:02:02.000,11860,11890,11765,11865,115698,11860,128,78
20151126 10:02:03.000,11860,11890,11765,11865,115698,11860,134,78
20151126 10:02:04.000,11860,11890,11765,11865,115698,11860,134,98
20151126 10:02:05.000,11860,11890,11765,11865,115698,11860,133,98
20151126 10:02:06.000,11860,11890,11765,11865,115698,11860,133,99
20151126 10:02:07.000,11860,11890,11765,11865,115700,11860,133,99
20151126 10:02:11.000,11860,11890,11765,11865,115700,11860,169,102
20151126 10:02:11.000,11860,11890,11765,11865,115702,11865,169,66
20151126 10:02:13.000,11860,11890,11765,11865,115722,11865,169,57
20151126 10:02:14.000,11860,11890,11765,11865,115724,11865,169,32
20151126 10:02:14.000,11860,11890,11765,11865,115726,11860,168,32
20151126 10:02:15.000,11860,11890,11765,11865,115746,11865,168,57
20151126 10:02:18.000,11860,11890,11765,11865,115748,11860,167,61
20151126 10:02:19.000,11860,11890,11765,11865,115750,11865,167,60
20151126 10:02:20.000,11860,11890,11765,11870,115870,11865,167,185
20151126 10:02:20.000,11860,11890,11765,11870,115874,11860,165,185
20151126 10:02:21.000,11860,11890,11765,11870,115874,11860,166,185
20151126 10:02:23.000,11860,11890,11765,11870,115874,11860,156,185
20151126 10:02:24.000,11865,11890,11765,11870,115880,11865,8,205
20151126 10:02:24.000,11865,11890,11765,11870,115900,11870,8,215
20151126 10:02:26.000,11865,11890,11765,11870,115914,11870,43,209
20151126 10:02:27.000,11865,11890,11765,11870,115954,11865,23,209
20151126 10:02:28.000,11865,11890,11765,11870,115956,11865,16,209
20151126 10:02:29.000,11860,11890,11765,11865,115988,11865,156,6
20151126 10:02:29.000,11860,11890,11765,11865,115992,11865,156,28
20151126 10:02:31.000,11860,11890,11765,11865,116012,11865,155,18
20151126 10:02:32.000,11865,11890,11765,11870,116012,11865,2,210
20151126 10:02:34.000,11865,11890,11765,11870,116012,11865,35,210
20151126 10:02:35.000,11865,11890,11765,11870,116016,11870,35,208
20151126 10:02:36.000,11865,11890,11765,11870,116018,11865,34,208
20151126 10:02:38.000,11865,11890,11765,11870,116026,11870,35,204
20151126 10:02:39.000,11865,11890,11765,11870,116028,11865,34,204
20151126 10:02:40.000,11865,11890,11765,11870,116036,11870,39,200
20151126 10:02:41.000,11865,11890,11765,11870,116134,11870,39,172
20151126 10:02:42.000,11865,11890,11765,11870,116136,11865,38,172
20151126 10:02:44.000,11865,11890,11765,11870,116140,11865,36,173
20151126 10:02:45.000,11865,11890,11765,11870,116140,11865,39,173
20151126 10:02:46.000,11865,11890,11765,11870,116142,11865,48,172
20151126 10:02:47.000,11865,11890,11765,11870,116142,11865,49,172
20151126 10:02:49.000,11865,11890,11765,11870,116150,11870,49,170
20151126 10:02:50.000,11865,11890,11765,11870,116150,11870,49,175
20151126 10:02:55.000,11865,11890,11765,11870,116170,11870,31,165
20151126 10:02:57.000,11865,11890,11765,11870,116170,11870,49,166
20151126 10:02:59.000,11865,11890,11765,11870,116172,11870,31,166
20151126 10:03:00.000,11865,11890,11765,11870,116212,11865,29,166
20151126 10:03:01.000,11865,11890,11765,11870,116212,11865,29,176
20151126 10:03:02.000,11865,11890,11765,11870,116232,11865,26,176
20151126 10:03:04.000,11865,11890,11765,11870,116238,11865,6,182
20151126 10:03:06.000,11865,11890,11765,11870,116240,11865,5,182
20151126 10:03:07.000,11865,11890,11765,11870,116244,11865,3,182
20151126 10:03:08.000,11865,11890,11765,11870,116246,11865,2,182
20151126 10:03:10.000,11860,11890,11765,11865,116250,11865,149,59
20151126 10:03:10.000,11860,11890,11765,11865,116252,11865,149,58
20151126 10:03:12.000,11860,11890,11765,11865,116252,11865,149,59
20151126 10:03:13.000,11860,11890,11765,11865,116256,11865,149,58
20151126 10:03:14.000,11860,11890,11765,11865,116256,11865,149,63
20151126 10:03:15.000,11860,11890,11765,11865,116264,11860,148,60
20151126 10:03:15.000,11860,11890,11765,11865,116274,11865,148,55
20151126 10:03:16.000,11860,11890,11765,11865,116274,11865,148,66
20151126 10:03:16.000,11860,11890,11765,11865,116276,11865,148,65
20151126 10:03:17.000,11860,11890,11765,11865,116276,11865,148,67
20151126 10:03:18.000,11860,11890,11765,11865,116276,11865,148,69
20151126 10:03:19.000,11860,11890,11765,11865,116290,11865,148,63
20151126 10:03:20.000,11860,11890,11765,11865,116290,11865,147,58
20151126 10:03:21.000,11860,11890,11765,11865,116290,11865,149,58
20151126 10:03:21.000,11860,11890,11765,11865,116292,11865,149,40
20151126 10:03:22.000,11860,11890,11765,11865,116292,11865,117,40
20151126 10:03:23.000,11860,11890,11765,11865,116292,11865,113,57
20151126 10:03:24.000,11860,11890,11765,11865,116292,11865,113,58
20151126 10:03:26.000,11860,11890,11765,11865,116294,11865,113,59
20151126 10:03:26.000,11855,11890,11765,11860,116536,11860,38,14
20151126 10:03:27.000,11855,11890,11765,11860,116536,11860,48,29
20151126 10:03:31.000,11855,11890,11765,11860,116538,11860,48,28
20151126 10:03:31.000,11855,11890,11765,11860,116540,11860,48,27
20151126 10:03:33.000,11855,11890,11765,11860,116542,11860,48,26
20151126 10:03:34.000,11855,11890,11765,11860,116542,11860,49,28
20151126 10:03:35.000,11855,11890,11765,11860,116546,11855,47,28
20151126 10:03:38.000,11855,11890,11765,11860,116546,11855,47,30
20151126 10:03:40.000,11855,11890,11765,11860,116546,11855,45,49
20151126 10:03:41.000,11855,11890,11765,11860,116548,11860,45,48
20151126 10:03:42.000,11855,11890,11765,11860,116588,11855,25,48
20151126 10:03:43.000,11855,11890,11765,11860,116590,11855,34,63
20151126 10:03:44.000,11855,11890,11765,11860,116610,11855,24,63
20151126 10:03:45.000,11855,11890,11765,11860,116716,11860,19,15
20151126 10:03:46.000,11855,11890,11765,11860,116730,11855,24,15
20151126 10:03:47.000,11855,11890,11765,11860,116734,11855,22,20
20151126 10:03:51.000,11855,11890,11765,11860,116736,11855,21,22
20151126 10:03:51.000,11855,11890,11765,11860,116740,11855,7,23
20151126 10:03:53.000,11855,11890,11765,11860,116742,11855,6,23
20151126 10:03:53.000,11855,11890,11765,11860,116750,11855,2,23
20151126 10:03:54.000,11855,11890,11765,11860,116750,11855,2,24
20151126 10:03:57.000,11855,11890,11765,11860,116750,11855,2,25
20151126 10:03:58.000,11855,11890,11765,11860,116752,11855,1,25
20151126 10:03:59.000,11855,11890,11765,11860,116752,11855,11,35
20151126 10:03:59.000,11855,11890,11765,11860,116754,11855,10,35
20151126 10:04:00.000,11855,11890,11765,11860,116764,11860,10,30
20151126 10:04:01.000,11855,11890,11765,11860,116764,11860,11,30
20151126 10:04:03.000,11855,11890,11765,11860,116804,11860,23,10
20151126 10:04:04.000,11855,11890,11765,11860,116804,11860,23,19
20151126 10:04:05.000,11855,11890,11765,11860,116810,11855,20,19
20151126 10:04:06.000,11860,11890,11765,11865,116876,11860,17,89
20151126 10:04:07.000,11860,11890,11765,11865,116878,11860,17,90
20151126 10:04:08.000,11860,11890,11765,11865,116878,11860,17,88
20151126 10:04:09.000,11860,11890,11765,11865,116878,11860,17,87
20151126 10:04:09.000,11860,11890,11765,11865,116880,11860,51,87
20151126 10:04:10.000,11860,11890,11765,11865,116882,11860,50,87
20151126 10:04:11.000,11860,11890,11765,11865,116886,11860,13,94
20151126 10:04:13.000,11860,11890,11765,11865,116904,11860,4,97
20151126 10:04:14.000,11855,11890,11765,11860,116912,11860,67,158
20151126 10:04:15.000,11855,11890,11765,11860,116912,11860,57,158
20151126 10:04:16.000,11855,11890,11765,11860,117112,11860,57,58
20151126 10:04:21.000,11855,11890,11765,11860,117112,11860,57,59
20151126 10:04:23.000,11855,11890,11765,11860,117112,11860,57,62
20151126 10:04:25.000,11855,11890,11765,11860,117114,11860,57,61
20151126 10:04:25.000,11855,11890,11765,11860,117118,11855,57,61
20151126 10:04:26.000,11855,11890,11765,11860,117118,11855,57,62
20151126 10:04:28.000,11855,11890,11765,11860,117118,11855,57,75
20151126 10:04:29.000,11855,11890,11765,11860,117118,11855,22,75
20151126 10:04:31.000,11855,11890,11765,11860,117118,11855,22,76
20151126 10:04:32.000,11855,11890,11765,11860,117218,11860,22,26
20151126 10:04:33.000,11855,11890,11765,11860,117218,11860,101,36
20151126 10:04:35.000,11855,11890,11765,11860,117220,11855,100,36
20151126 10:04:40.000,11855,11890,11765,11860,117222,11855,65,36
20151126 10:04:41.000,11855,11890,11765,11860,117222,11855,65,37
20151126 10:04:43.000,11855,11890,11765,11860,117222,11855,40,37
20151126 10:04:47.000,11855,11890,11765,11860,117222,11855,40,38
20151126 10:04:48.000,11855,11890,11765,11860,117224,11855,39,38
20151126 10:04:49.000,11855,11890,11765,11860,117224,11855,49,48
20151126 10:04:58.000,11855,11890,11765,11860,117256,11855,33,50
20151126 10:04:58.000,11855,11890,11765,11860,117306,11860,33,25
20151126 10:04:59.000,11855,11890,11765,11860,117308,11860,33,24
20151126 10:05:02.000,11855,11890,11765,11860,117308,11860,58,24
20151126 10:05:08.000,11855,11890,11765,11860,117308,11860,33,24
20151126 10:05:10.000,11855,11890,11765,11860,117308,11860,41,35
20151126 10:05:12.000,11855,11890,11765,11860,117310,11860,41,35
20151126 10:05:14.000,11855,11890,11765,11860,117312,11855,42,35
20151126 10:05:21.000,11855,11890,11765,11860,117312,11855,42,37
20151126 10:05:22.000,11855,11890,11765,11860,117312,11855,47,37
20151126 10:05:24.000,11855,11890,11765,11860,117322,11855,42,42
20151126 10:05:25.000,11855,11890,11765,11860,117322,11855,42,47
20151126 10:05:26.000,11855,11890,11765,11860,117322,11855,47,47
20151126 10:05:27.000,11855,11890,11765,11860,117326,11855,45,47
20151126 10:05:29.000,11855,11890,11765,11860,117328,11860,45,46
20151126 10:05:31.000,11855,11890,11765,11860,117334,11855,42,46
20151126 10:05:32.000,11855,11890,11765,11860,117338,11855,40,46
20151126 10:05:33.000,11855,11890,11765,11860,117338,11855,42,56
20151126 10:05:42.000,11855,11890,11765,11860,117340,11860,42,55
20151126 10:05:42.000,11855,11890,11765,11860,117342,11855,41,55
20151126 10:05:45.000,11855,11890,11765,11860,117356,11860,41,48
20151126 10:05:45.000,11855,11890,11765,11860,117370,11860,41,41
20151126 10:05:46.000,11855,11890,11765,11860,117374,11855,39,41
20151126 10:05:46.000,11855,11890,11765,11860,117396,11855,36,33
20151126 10:05:48.000,11855,11890,11765,11860,117396,11855,36,35
20151126 10:05:51.000,11855,11890,11765,11860,117398,11860,36,34
20151126 10:05:53.000,11855,11890,11765,11860,117398,11860,61,34
20151126 10:05:56.000,11855,11890,11765,11860,117398,11860,62,34
20151126 10:05:57.000,11855,11890,11765,11860,117400,11855,61,34
20151126 10:05:59.000,11855,11890,11765,11860,117402,11860,61,33
20151126 10:06:00.000,11855,11890,11765,11860,117416,11860,61,26
20151126 10:06:00.000,11855,11890,11765,11860,117430,11860,61,19
20151126 10:06:04.000,11855,11890,11765,11860,117430,11860,62,19
20151126 10:06:07.000,11855,11890,11765,11860,117430,11860,37,19
20151126 10:06:09.000,11855,11890,11765,11860,117430,11860,57,19
20151126 10:06:10.000,11855,11890,11765,11860,117430,11860,57,18
20151126 10:06:16.000,11855,11890,11765,11860,117438,11860,57,15
20151126 10:06:21.000,11855,11890,11765,11860,117438,11860,59,15
20151126 10:06:27.000,11855,11890,11765,11860,117438,11860,59,16
20151126 10:06:32.000,11855,11890,11765,11860,117442,11860,59,14
20151126 10:06:35.000,11855,11890,11765,11860,117444,11860,58,13
20151126 10:06:37.000,11855,11890,11765,11860,117444,11860,58,15
20151126 10:06:39.000,11855,11890,11765,11860,117446,11860,58,14
20151126 10:06:41.000,11855,11890,11765,11860,117446,11860,58,16
20151126 10:06:44.000,11855,11890,11765,11860,117448,11860,62,15
20151126 10:06:45.000,11855,11890,11765,11860,117448,11860,66,15
20151126 10:06:46.000,11850,11890,11765,11855,117600,11855,121,25
20151126 10:06:47.000,11850,11890,11765,11855,117610,11855,130,20
20151126 10:06:48.000,11850,11890,11765,11855,117614,11855,130,18
20151126 10:06:50.000,11850,11890,11765,11855,117614,11855,133,18
20151126 10:06:52.000,11850,11890,11765,11855,117614,11855,135,20
20151126 10:06:54.000,11850,11890,11765,11855,117614,11855,135,21
20151126 10:07:00.000,11850,11890,11765,11855,117614,11855,135,22
20151126 10:07:06.000,11850,11890,11765,11855,117614,11855,134,22
20151126 10:07:06.000,11850,11890,11765,11855,117626,11855,134,16
20151126 10:07:14.000,11850,11890,11765,11855,117626,11855,134,17
20151126 10:07:16.000,11855,11890,11765,11860,117638,11855,155,33
20151126 10:07:17.000,11855,11890,11765,11860,117638,11855,156,33
20151126 10:07:19.000,11855,11890,11765,11860,117654,11860,156,25
20151126 10:07:20.000,11855,11890,11765,11860,117656,11860,156,24
20151126 10:07:21.000,11855,11890,11765,11860,117656,11860,156,25
20151126 10:07:22.000,11855,11890,11765,11860,117658,11860,156,24
20151126 10:07:23.000,11855,11890,11765,11860,117680,11855,146,24
20151126 10:07:29.000,11855,11890,11765,11860,117680,11855,146,22
20151126 10:07:32.000,11855,11890,11765,11860,117680,11855,146,27
20151126 10:07:34.000,11855,11890,11765,11860,117680,11855,146,26
20151126 10:07:35.000,11855,11890,11765,11860,117680,11855,146,27
20151126 10:07:40.000,11855,11890,11765,11860,117700,11855,136,28
20151126 10:07:41.000,11855,11890,11765,11860,117740,11855,116,46
20151126 10:07:45.000,11855,11890,11765,11860,117754,11860,116,39
20151126 10:07:45.000,11855,11890,11765,11860,117768,11860,116,32
20151126 10:07:51.000,11855,11890,11765,11860,117768,11860,116,33
20151126 10:07:53.000,11855,11890,11765,11860,117770,11860,116,27
20151126 10:07:54.000,11855,11890,11765,11860,117770,11860,117,27
20151126 10:07:56.000,11855,11890,11765,11860,117774,11860,117,25
20151126 10:07:57.000,11855,11890,11765,11860,117776,11860,117,24
20151126 10:07:59.000,11855,11890,11765,11860,117776,11860,117,28
20151126 10:08:01.000,11855,11890,11765,11860,117780,11855,115,28
20151126 10:08:04.000,11855,11890,11765,11860,117780,11855,115,29
20151126 10:08:07.000,11855,11890,11765,11860,117780,11855,115,30
20151126 10:08:08.000,11855,11890,11765,11860,117780,11855,115,40
20151126 10:08:16.000,11855,11890,11765,11860,117782,11860,115,39
20151126 10:08:19.000,11855,11890,11765,11860,117784,11855,114,39
20151126 10:08:20.000,11855,11890,11765,11860,117792,11860,114,35
20151126 10:08:21.000,11855,11890,11765,11860,117792,11860,115,35
20151126 10:08:22.000,11855,11890,11765,11860,117800,11860,115,31
20151126 10:08:24.000,11855,11890,11765,11860,117800,11860,117,32
20151126 10:08:24.000,11855,11890,11765,11860,117808,11860,117,28
20151126 10:08:28.000,11855,11890,11765,11860,117812,11860,117,26
20151126 10:08:29.000,11855,11890,11765,11860,117814,11855,116,26
20151126 10:08:30.000,11855,11890,11765,11860,117816,11855,115,25
20151126 10:08:30.000,11855,11890,11765,11860,117820,11860,115,23
20151126 10:08:36.000,11855,11890,11765,11860,117860,11860,115,3
20151126 10:08:39.000,11855,11890,11765,11860,117860,11860,115,4
20151126 10:08:40.000,11860,11890,11765,11865,117868,11860,7,149
20151126 10:08:40.000,11855,11890,11765,11860,117882,11860,33,46
20151126 10:08:43.000,11855,11890,11765,11860,117882,11860,33,56
20151126 10:08:47.000,11855,11890,11765,11860,117884,11860,33,55
20151126 10:08:48.000,11855,11890,11765,11860,117884,11860,43,55
20151126 10:08:49.000,11855,11890,11765,11860,117884,11860,17,55
20151126 10:08:50.000,11855,11890,11765,11860,117884,11860,17,60
20151126 10:08:53.000,11855,11890,11765,11860,117984,11860,29,10
20151126 10:08:53.000,11860,11890,11765,11865,118004,11860,2,149
20151126 10:08:57.000,11855,11890,11765,11860,118008,11860,29,6
20151126 10:08:58.000,11855,11890,11765,11860,118008,11860,29,32
20151126 10:08:59.000,11855,11890,11765,11860,118008,11860,20,32
20151126 10:09:01.000,11855,11890,11765,11860,118010,11855,19,52
20151126 10:09:02.000,11855,11890,11765,11860,118010,11855,19,55
20151126 10:09:06.000,11855,11890,11765,11860,118012,11860,19,54
20151126 10:09:07.000,11855,11890,11765,11860,118014,11860,54,53
20151126 10:09:08.000,11855,11890,11765,11860,118074,11860,54,24
20151126 10:09:09.000,11855,11890,11765,11860,118074,11860,54,40
20151126 10:09:10.000,11860,11890,11765,11865,118154,11860,11,148
20151126 10:09:11.000,11860,11890,11765,11865,118154,11860,21,130
20151126 10:09:12.000,11860,11890,11765,11865,118156,11860,20,130
20151126 10:09:20.000,11860,11890,11765,11865,118158,11860,19,130
20151126 10:09:21.000,11860,11890,11765,11865,118158,11860,9,130
20151126 10:09:21.000,11860,11890,11765,11865,118168,11860,4,130
20151126 10:09:23.000,11860,11890,11765,11865,118170,11860,3,130
20151126 10:09:28.000,11855,11890,11765,11860,118176,11860,30,18
20151126 10:09:29.000,11855,11890,11765,11860,118176,11860,30,20
20151126 10:09:29.000,11855,11890,11765,11860,118178,11860,30,19
20151126 10:09:32.000,11855,11890,11765,11860,118180,11860,30,18
20151126 10:09:34.000,11855,11890,11765,11860,118180,11860,30,19
20151126 10:09:34.000,11855,11890,11765,11860,118184,11860,30,17
20151126 10:09:37.000,11855,11890,11765,11860,118194,11860,30,12
20151126 10:09:38.000,11855,11890,11765,11860,118194,11860,30,13
20151126 10:09:40.000,11855,11890,11765,11860,118194,11860,30,15
20151126 10:09:41.000,11855,11890,11765,11860,118194,11860,30,23
20151126 10:09:45.000,11855,11890,11765,11860,118194,11860,30,25
20151126 10:09:47.000,11855,11890,11765,11860,118196,11855,31,29
20151126 10:09:51.000,11855,11890,11765,11860,118196,11855,35,29
20151126 10:09:57.000,11855,11890,11765,11860,118196,11855,35,30
20151126 10:10:00.000,11855,11890,11765,11860,118196,11855,35,31
20151126 10:10:01.000,11855,11890,11765,11860,118204,11855,31,31
20151126 10:10:02.000,11855,11890,11765,11860,118204,11855,31,41
20151126 10:10:04.000,11855,11890,11765,11860,118210,11855,30,42
20151126 10:10:05.000,11855,11890,11765,11860,118210,11855,28,42
20151126 10:10:06.000,11855,11890,11765,11860,118210,11855,18,43
20151126 10:10:10.000,11855,11890,11765,11860,118212,11855,17,43
20151126 10:10:11.000,11850,11890,11765,11855,118246,11855,130,48
20151126 10:10:12.000,11850,11890,11765,11855,118246,11855,129,48
20151126 10:10:13.000,11850,11890,11765,11855,118246,11855,129,50
20151126 10:10:17.000,11850,11890,11765,11855,118246,11855,127,50
20151126 10:10:18.000,11850,11890,11765,11855,118246,11855,127,51
20151126 10:10:19.000,11850,11890,11765,11860,118352,11855,127,54
20151126 10:10:20.000,11855,11890,11765,11860,118352,11855,62,45
20151126 10:10:23.000,11855,11890,11765,11860,118352,11855,62,43
20151126 10:10:24.000,11855,11890,11765,11860,118352,11855,62,33
20151126 10:10:27.000,11855,11890,11765,11860,118354,11855,26,33
20151126 10:10:28.000,11855,11890,11765,11860,118354,11855,26,34
20151126 10:10:30.000,11855,11890,11765,11860,118360,11855,23,34
20151126 10:10:31.000,11855,11890,11765,11860,118362,11860,23,33
20151126 10:10:32.000,11855,11890,11765,11860,118362,11860,51,33
20151126 10:10:45.000,11855,11890,11765,11860,118366,11860,51,41
20151126 10:10:45.000,11855,11890,11765,11860,118370,11860,51,39
20151126 10:10:48.000,11855,11890,11765,11860,118372,11860,51,38
20151126 10:10:55.000,11855,11890,11765,11860,118374,11860,51,37
20151126 10:10:56.000,11855,11890,11765,11860,118374,11860,52,37
20151126 10:10:57.000,11855,11890,11765,11860,118378,11860,52,35
20151126 10:11:05.000,11855,11890,11765,11860,118378,11860,52,45
20151126 10:11:08.000,11855,11890,11765,11860,118378,11860,24,55
20151126 10:11:15.000,11855,11890,11765,11860,118378,11860,60,55
20151126 10:11:15.000,11855,11890,11765,11860,118384,11860,60,52
20151126 10:11:16.000,11855,11890,11765,11860,118404,11855,20,52
20151126 10:11:18.000,11855,11890,11765,11860,118404,11855,25,52
20151126 10:11:23.000,11855,11890,11765,11860,118406,11855,24,52
20151126 10:11:23.000,11855,11890,11765,11860,118412,11860,59,49
20151126 10:11:26.000,11855,11890,11765,11860,118412,11860,60,49
20151126 10:11:28.000,11855,11890,11765,11860,118414,11855,59,49
20151126 10:11:30.000,11855,11890,11765,11860,118414,11855,59,53
20151126 10:11:30.000,11855,11890,11765,11860,118420,11860,24,50
20151126 10:11:31.000,11855,11890,11765,11860,118420,11860,27,51
20151126 10:11:34.000,11855,11890,11765,11860,118424,11855,25,51
20151126 10:11:40.000,11855,11890,11765,11860,118424,11855,26,51
20151126 10:11:41.000,11855,11890,11765,11860,118430,11860,61,48
20151126 10:11:42.000,11855,11890,11765,11860,118440,11860,61,43
20151126 10:11:49.000,11855,11890,11765,11860,118440,11860,61,48
20151126 10:11:51.000,11855,11890,11765,11860,118440,11860,26,49
20151126 10:11:52.000,11855,11890,11765,11860,118446,11860,26,46
20151126 10:11:53.000,11855,11890,11765,11860,118446,11860,27,46
20151126 10:11:54.000,11855,11890,11765,11860,118446,11860,28,46
20151126 10:11:55.000,11855,11890,11765,11860,118446,11860,63,46
20151126 10:11:56.000,11855,11890,11765,11860,118446,11860,62,46
20151126 10:12:05.000,11855,11890,11765,11860,118448,11855,61,46
20151126 10:12:05.000,11855,11890,11765,11860,118454,11860,61,43
20151126 10:12:12.000,11855,11890,11765,11860,118454,11860,66,43
20151126 10:12:12.000,11855,11890,11765,11860,118460,11860,66,40
20151126 10:12:13.000,11855,11890,11765,11860,118460,11860,67,40
20151126 10:12:16.000,11855,11890,11765,11860,118460,11860,66,40
20151126 10:12:18.000,11855,11890,11765,11860,118460,11860,66,41
20151126 10:12:27.000,11855,11890,11765,11860,118460,11860,66,62
20151126 10:12:27.000,11855,11890,11765,11860,118466,11860,31,59
20151126 10:12:30.000,11855,11890,11765,11860,118466,11860,32,59
20151126 10:12:36.000,11855,11890,11765,11860,118466,11860,72,59
20151126 10:12:38.000,11855,11890,11765,11860,118472,11860,72,56
20151126 10:12:43.000,11855,11890,11765,11860,118484,11855,66,56
20151126 10:12:44.000,11855,11890,11765,11860,118484,11855,31,56
20151126 10:12:47.000,11855,11890,11765,11860,118484,11855,31,51
20151126 10:12:50.000,11855,11890,11765,11860,118486,11860,31,50
20151126 10:12:52.000,11855,11890,11765,11860,118486,11860,31,51
20151126 10:12:53.000,11855,11890,11765,11860,118486,11860,32,51
20151126 10:12:55.000,11855,11890,11765,11860,118486,11860,27,51
20151126 10:12:57.000,11855,11890,11765,11860,118486,11860,27,52
20151126 10:13:00.000,11855,11890,11765,11860,118486,11860,22,52
20151126 10:13:03.000,11855,11890,11765,11860,118486,11860,23,52
20151126 10:13:10.000,11855,11890,11765,11860,118486,11860,23,57
20151126 10:13:11.000,11855,11890,11765,11860,118486,11860,23,56
20151126 10:13:12.000,11855,11890,11765,11860,118488,11860,23,55
20151126 10:13:16.000,11855,11890,11765,11860,118588,11860,23,5
20151126 10:13:17.000,11855,11890,11765,11865,118604,11865,23,145
20151126 10:13:18.000,11855,11890,11765,11865,118610,11865,23,143
20151126 10:13:18.000,11855,11890,11765,11865,118616,11865,23,141
20151126 10:13:21.000,11855,11890,11765,11865,118620,11865,23,139
20151126 10:13:22.000,11855,11890,11765,11865,118620,11865,25,139
20151126 10:13:23.000,11855,11890,11765,11865,118620,11865,55,139
20151126 10:13:24.000,11855,11890,11765,11865,118620,11865,55,189
20151126 10:13:25.000,11855,11890,11765,11865,118620,11865,56,189
20151126 10:13:31.000,11855,11890,11765,11865,118620,11865,61,189
20151126 10:13:31.000,11855,11890,11765,11865,118626,11865,61,186
20151126 10:13:35.000,11855,11890,11765,11865,118628,11855,60,186
20151126 10:13:37.000,11855,11890,11765,11865,118632,11855,58,186
20151126 10:13:39.000,11855,11890,11765,11865,118632,11855,58,187
20151126 10:13:40.000,11855,11890,11765,11865,118634,11865,58,186
20151126 10:13:40.000,11855,11890,11765,11865,118644,11865,58,181
20151126 10:13:41.000,11855,11890,11765,11860,118644,11865,58,27
20151126 10:13:42.000,11855,11890,11765,11860,118644,11865,58,38
20151126 10:13:48.000,11860,11890,11765,11865,118726,11860,11,182
20151126 10:13:51.000,11860,11890,11765,11865,118728,11860,10,182
20151126 10:13:53.000,11860,11890,11765,11865,118732,11860,8,182
20151126 10:13:53.000,11855,11890,11765,11860,118748,11860,60,3
20151126 10:13:56.000,11855,11890,11765,11860,118750,11855,59,3
20151126 10:14:00.000,11855,11890,11765,11860,118750,11855,58,2
20151126 10:14:03.000,11855,11890,11765,11860,118750,11855,58,7
20151126 10:14:04.000,11855,11890,11765,11860,118750,11855,58,8
20151126 10:14:05.000,11855,11890,11765,11860,118750,11855,58,12
20151126 10:14:06.000,11855,11890,11765,11860,118750,11855,58,14
20151126 10:14:08.000,11855,11890,11765,11860,118750,11855,59,14
20151126 10:14:10.000,11855,11890,11765,11860,118750,11855,58,14
20151126 10:14:10.000,11855,11890,11765,11860,118752,11855,57,15
20151126 10:14:11.000,11855,11890,11765,11860,118752,11855,52,15
20151126 10:14:18.000,11855,11890,11765,11860,118772,11855,42,16
20151126 10:14:19.000,11855,11890,11765,11860,118772,11855,42,36
20151126 10:14:21.000,11855,11890,11765,11860,118774,11860,42,35
20151126 10:14:26.000,11855,11890,11765,11860,118774,11860,42,39
20151126 10:14:30.000,11855,11890,11765,11860,118776,11855,41,39
20151126 10:14:30.000,11855,11890,11765,11860,118802,11860,40,27
20151126 10:14:31.000,11855,11890,11765,11860,118804,11855,39,28
20151126 10:14:31.000,11855,11890,11765,11860,118806,11855,38,28
20151126 10:14:32.000,11855,11890,11765,11860,118808,11855,37,28
20151126 10:14:32.000,11855,11890,11765,11860,118810,11855,36,28
20151126 10:14:35.000,11855,11890,11765,11860,118814,11855,34,28
20151126 10:14:37.000,11855,11890,11765,11860,118814,11855,35,28
20151126 10:14:39.000,11855,11890,11765,11860,118814,11855,36,28
20151126 10:14:47.000,11855,11890,11765,11860,118814,11855,36,32
20151126 10:14:51.000,11855,11890,11765,11860,118816,11855,34,32
20151126 10:30:00.000,11855,11890,11765,11860,118822,11860,75,61
20151126 10:30:01.000,11855,11890,11765,11860,118870,11860,54,59
20151126 10:30:01.000,11855,11890,11765,11860,118898,11860,55,45
20151126 10:30:02.000,11855,11890,11765,11860,118914,11860,55,37
20151126 10:30:03.000,11855,11890,11765,11860,118916,11860,58,36
20151126 10:30:03.000,11855,11890,11765,11860,118936,11855,48,36
20151126 10:30:04.000,11855,11890,11765,11860,118938,11860,48,35
20151126 10:30:05.000,11855,11890,11765,11860,118942,11860,48,33
20151126 10:30:05.000,11855,11890,11765,11860,118948,11860,68,32
20151126 10:30:06.000,11855,11890,11765,11860,118952,11860,68,31
20151126 10:30:07.000,11855,11890,11765,11860,118972,11860,68,21
20151126 10:30:09.000,11855,11890,11765,11860,118974,11860,68,20
20151126 10:30:10.000,11855,11890,11765,11860,118988,11860,68,13
20151126 10:30:11.000,11860,11890,11765,11865,119014,11860,13,207
20151126 10:30:13.000,11860,11890,11765,11865,119014,11860,69,207
20151126 10:30:14.000,11860,11890,11765,11865,119016,11860,68,207
20151126 10:30:16.000,11860,11890,11765,11865,119016,11860,70,207
20151126 10:30:17.000,11860,11890,11765,11865,119016,11860,95,208
20151126 10:30:21.000,11860,11890,11765,11865,119016,11860,96,208
20151126 10:30:24.000,11860,11890,11765,11865,119026,11860,91,208
20151126 10:30:25.000,11860,11890,11765,11865,119028,11865,56,207
20151126 10:30:32.000,11860,11890,11765,11865,119028,11865,56,208
20151126 10:30:41.000,11860,11890,11765,11865,119028,11865,58,208
20151126 10:30:45.000,11860,11890,11765,11865,119028,11865,100,208
20151126 10:30:47.000,11860,11890,11765,11865,119028,11865,100,204
20151126 10:30:48.000,11860,11890,11765,11865,119028,11865,102,214
20151126 10:30:50.000,11860,11890,11765,11865,119048,11865,77,204
20151126 10:30:52.000,11860,11890,11765,11865,119050,11865,77,203
20151126 10:30:54.000,11860,11890,11765,11865,119052,11865,87,202
20151126 10:30:57.000,11860,11890,11765,11865,119052,11865,88,202
20151126 10:30:58.000,11860,11890,11765,11865,119054,11860,87,202
20151126 10:30:59.000,11860,11890,11765,11865,119054,11860,52,202
20151126 10:31:00.000,11860,11890,11765,11865,119056,11860,51,202
20151126 10:31:01.000,11860,11890,11765,11865,119056,11860,53,202
20151126 10:31:02.000,11860,11890,11765,11865,119056,11860,98,202
20151126 10:31:03.000,11860,11890,11765,11865,119060,11860,96,202
20151126 10:31:04.000,11860,11890,11765,11865,119060,11860,61,203
20151126 10:31:05.000,11860,11890,11765,11865,119060,11860,61,207
20151126 10:31:08.000,11860,11890,11765,11865,119068,11860,57,207
20151126 10:31:11.000,11860,11890,11765,11865,119068,11860,58,207
20151126 10:31:11.000,11860,11890,11765,11865,119074,11860,90,207
20151126 10:31:24.000,11860,11890,11765,11865,119074,11860,80,207
20151126 10:31:25.000,11860,11890,11765,11865,119074,11860,45,207
20151126 10:31:28.000,11860,11890,11765,11865,119076,11865,45,206
20151126 10:31:33.000,11860,11890,11765,11865,119080,11865,80,201
20151126 10:31:34.000,11860,11890,11765,11865,119084,11865,80,199
20151126 10:31:35.000,11860,11890,11765,11865,119084,11865,80,196
20151126 10:31:36.000,11860,11890,11765,11865,119084,11865,80,199
20151126 10:31:39.000,11860,11890,11765,11865,119086,11860,79,199
20151126 10:31:40.000,11860,11890,11765,11865,119086,11860,44,199
20151126 10:31:44.000,11860,11890,11765,11865,119086,11860,44,209
20151126 10:31:45.000,11860,11890,11765,11865,119088,11860,43,209
20151126 10:31:46.000,11860,11890,11765,11865,119098,11860,38,209
20151126 10:31:48.000,11860,11890,11765,11865,119098,11860,44,214
20151126 10:31:53.000,11860,11890,11765,11865,119098,11860,45,214
20151126 10:31:54.000,11860,11890,11765,11865,119100,11860,44,214
20151126 10:31:58.000,11860,11890,11765,11865,119102,11860,43,214
20151126 10:32:00.000,11860,11890,11765,11865,119162,11860,13,214
20151126 10:32:02.000,11860,11890,11765,11865,119162,11860,18,214
20151126 10:32:02.000,11855,11890,11765,11860,119198,11860,92,9
20151126 10:32:03.000,11855,11890,11765,11860,119200,11855,91,9
20151126 10:32:06.000,11855,11890,11765,11860,119202,11860,91,8
20151126 10:32:07.000,11855,11890,11765,11860,119202,11860,91,18
20151126 10:32:08.000,11860,11890,11765,11865,119238,11860,13,200
20151126 10:32:12.000,11855,11890,11765,11860,119264,11860,101,8
20151126 10:32:14.000,11855,11890,11765,11860,119264,11860,102,8
20151126 10:32:15.000,11855,11890,11765,11860,119264,11860,102,13
20151126 10:32:16.000,11855,11890,11765,11860,119268,11855,100,13
20151126 10:32:17.000,11855,11890,11765,11860,119270,11860,100,12
20151126 10:32:20.000,11855,11890,11765,11860,119270,11860,103,12
20151126 10:32:22.000,11855,11890,11765,11860,119272,11855,102,12
20151126 10:32:23.000,11855,11890,11765,11860,119272,11855,102,24
20151126 10:32:25.000,11855,11890,11765,11860,119274,11860,102,23
20151126 10:32:26.000,11855,11890,11765,11860,119276,11860,102,22
20151126 10:32:29.000,11855,11890,11765,11860,119276,11860,102,23
20151126 10:32:33.000,11855,11890,11765,11860,119276,11860,102,25
20151126 10:32:36.000,11855,11890,11765,11860,119276,11860,92,25
20151126 10:32:42.000,11855,11890,11765,11860,119278,11860,92,24
20151126 10:32:44.000,11855,11890,11765,11860,119284,11860,92,21
20151126 10:32:45.000,11855,11890,11765,11860,119296,11860,92,15
20151126 10:32:45.000,11855,11890,11765,11860,119306,11855,87,15
20151126 10:32:46.000,11855,11890,11765,11860,119308,11860,87,14
20151126 10:32:48.000,11855,11890,11765,11860,119308,11860,87,19
20151126 10:32:49.000,11855,11890,11765,11860,119308,11860,86,19
20151126 10:32:51.000,11855,11890,11765,11860,119308,11860,86,20
20151126 10:32:56.000,11860,11890,11765,11865,119362,11860,3,190
20151126 10:32:59.000,11860,11890,11765,11865,119364,11860,2,190
20151126 10:33:03.000,11855,11890,11765,11865,119368,11860,86,190
20151126 10:33:10.000,11855,11890,11765,11865,119428,11855,56,190
20151126 10:33:13.000,11855,11890,11765,11860,119428,11855,56,20
20151126 10:33:14.000,11855,11890,11765,11860,119428,11855,56,26
20151126 10:33:16.000,11855,11890,11765,11860,119436,11855,52,36
20151126 10:33:18.000,11855,11890,11765,11860,119436,11855,52,26
20151126 10:33:20.000,11855,11890,11765,11860,119438,11860,52,31
20151126 10:33:22.000,11855,11890,11765,11860,119440,11855,51,35
20151126 10:33:23.000,11855,11890,11765,11860,119442,11860,51,34
20151126 10:33:24.000,11855,11890,11765,11860,119442,11860,51,35
20151126 10:33:26.000,11855,11890,11765,11860,119446,11855,49,36
20151126 10:33:28.000,11855,11890,11765,11860,119446,11855,49,42
20151126 10:33:29.000,11855,11890,11765,11860,119446,11855,49,43
20151126 10:33:31.000,11855,11890,11765,11860,119446,11855,50,43
20151126 10:33:33.000,11855,11890,11765,11860,119448,11860,50,42
20151126 10:33:34.000,11855,11890,11765,11860,119448,11860,50,62
20151126 10:33:36.000,11855,11890,11765,11860,119448,11860,50,66
20151126 10:33:37.000,11855,11890,11765,11860,119448,11860,50,73
20151126 10:33:38.000,11855,11890,11765,11860,119448,11860,55,69
20151126 10:33:42.000,11855,11890,11765,11860,119448,11860,56,69
20151126 10:33:43.000,11855,11890,11765,11860,119448,11860,56,76
20151126 10:33:44.000,11855,11890,11765,11860,119452,11855,54,76
20151126 10:33:47.000,11855,11890,11765,11860,119452,11855,54,72
20151126 10:33:51.000,11855,11890,11765,11860,119452,11855,54,71
20151126 10:33:55.000,11855,11890,11765,11860,119452,11855,54,81
20151126 10:33:59.000,11855,11890,11765,11860,119452,11855,53,81
20151126 10:34:02.000,11855,11890,11765,11860,119552,11855,3,82
20151126 10:34:03.000,11850,11890,11765,11860,119558,11855,126,82
20151126 10:34:04.000,11850,11890,11765,11860,119562,11850,127,82
20151126 10:34:04.000,11850,11890,11765,11860,119564,11850,126,93
20151126 10:34:10.000,11850,11890,11765,11855,119564,11850,127,3
20151126 10:34:11.000,11850,11890,11765,11855,119568,11850,125,3
20151126 10:34:13.000,11850,11890,11765,11855,119568,11850,125,5
20151126 10:34:14.000,11850,11890,11765,11855,119568,11850,124,16
20151126 10:34:15.000,11850,11890,11765,11855,119568,11850,124,26
20151126 10:34:15.000,11850,11890,11765,11855,119578,11850,119,26
20151126 10:34:16.000,11850,11890,11765,11855,119582,11850,116,33
20151126 10:34:18.000,11850,11890,11765,11855,119582,11850,116,37
20151126 10:34:20.000,11850,11890,11765,11855,119582,11850,116,40
20151126 10:34:22.000,11850,11890,11765,11855,119584,11850,115,40
20151126 10:34:24.000,11850,11890,11765,11855,119584,11850,116,40
20151126 10:34:27.000,11850,11890,11765,11855,119584,11850,116,41
20151126 10:34:28.000,11850,11890,11765,11855,119584,11850,118,41
20151126 10:34:30.000,11850,11890,11765,11855,119592,11850,114,41
20151126 10:34:32.000,11850,11890,11765,11855,119592,11850,118,41
20151126 10:34:34.000,11850,11890,11765,11855,119592,11850,118,37
20151126 10:34:34.000,11850,11890,11765,11855,119594,11850,118,38
20151126 10:34:37.000,11850,11890,11765,11855,119594,11850,119,38
20151126 10:34:39.000,11850,11890,11765,11855,119596,11855,119,37
20151126 10:34:39.000,11850,11890,11765,11855,119600,11855,119,35
20151126 10:34:41.000,11850,11890,11765,11855,119600,11855,119,44
20151126 10:34:42.000,11850,11890,11765,11855,119600,11855,119,47
20151126 10:34:42.000,11850,11890,11765,11855,119602,11855,119,48
20151126 10:34:42.000,11850,11890,11765,11855,119624,11855,118,38
20151126 10:34:46.000,11850,11890,11765,11855,119634,11855,118,33
20151126 10:34:46.000,11850,11890,11765,11855,119674,11850,98,33
20151126 10:34:47.000,11850,11890,11765,11855,119674,11850,98,30
20151126 10:34:48.000,11850,11890,11765,11855,119674,11850,97,30
20151126 10:34:49.000,11850,11890,11765,11855,119734,11850,67,30
20151126 10:34:51.000,11850,11890,11765,11855,119734,11850,67,26
20151126 10:34:51.000,11850,11890,11765,11855,119736,11855,67,42
20151126 10:34:53.000,11850,11890,11765,11855,119736,11855,67,43
20151126 10:34:55.000,11850,11890,11765,11855,119736,11855,68,38
20151126 10:34:58.000,11850,11890,11765,11855,119776,11850,49,38
20151126 10:34:59.000,11850,11890,11765,11855,119782,11850,46,38
20151126 10:35:00.000,11850,11890,11765,11855,119782,11850,46,40
20151126 10:35:02.000,11850,11890,11765,11855,119786,11850,44,41
20151126 10:35:04.000,11850,11890,11765,11855,119790,11855,46,40
20151126 10:35:04.000,11850,11890,11765,11855,119794,11850,44,42
20151126 10:35:05.000,11850,11890,11765,11855,119794,11850,45,45
20151126 10:35:08.000,11850,11890,11765,11855,119796,11850,44,45
20151126 10:35:11.000,11850,11890,11765,11855,119798,11850,43,42
20151126 10:35:11.000,11850,11890,11765,11855,119802,11850,41,42
20151126 10:35:12.000,11850,11890,11765,11855,119804,11855,41,41
20151126 10:35:14.000,11850,11890,11765,11855,119808,11850,39,41
20151126 10:35:16.000,11850,11890,11765,11855,119812,11850,37,41
20151126 10:35:17.000,11850,11890,11765,11855,119852,11850,17,41
20151126 10:35:18.000,11850,11890,11765,11855,119872,11850,7,42
20151126 10:35:19.000,11850,11890,11765,11855,119872,11850,7,25
20151126 10:35:19.000,11850,11890,11765,11855,119906,11850,18,25
20151126 10:35:22.000,11850,11890,11765,11855,119908,11850,17,31
20151126 10:35:24.000,11850,11890,11765,11855,119914,11850,14,31
20151126 10:35:28.000,11850,11890,11765,11855,119914,11850,15,31
20151126 10:35:29.000,11850,11890,11765,11855,119924,11850,10,31
20151126 10:35:30.000,11850,11890,11765,11855,119926,11850,9,31
20151126 10:35:32.000,11845,11890,11765,11855,119968,11850,169,32
20151126 10:35:33.000,11845,11890,11765,11850,119968,11850,169,5
20151126 10:35:34.000,11845,11890,11765,11850,119976,11850,169,2
20151126 10:35:37.000,11850,11890,11765,11855,119992,11850,2,29
20151126 10:35:38.000,11850,11890,11765,11855,119994,11850,4,55
20151126 10:35:40.000,11850,11890,11765,11855,119994,11850,7,55
20151126 10:35:43.000,11850,11890,11765,11855,119994,11850,46,55
20151126 10:35:45.000,11850,11890,11765,11855,119994,11850,47,55
20151126 10:35:46.000,11850,11890,11765,11855,120004,11850,42,55
20151126 10:35:47.000,11850,11890,11765,11855,120006,11850,41,55
20151126 10:35:49.000,11850,11890,11765,11855,120046,11850,21,55
20151126 10:35:50.000,11850,11890,11765,11855,120046,11850,10,55
20151126 10:35:52.000,11850,11890,11765,11855,120048,11855,11,53
20151126 10:35:52.000,11850,11890,11765,11855,120050,11850,12,54
20151126 10:35:54.000,11850,11890,11765,11855,120052,11855,12,53
20151126 10:35:57.000,11850,11890,11765,11855,120054,11855,12,52
20151126 10:36:03.000,11850,11890,11765,11855,120054,11855,38,52
20151126 10:36:03.000,11850,11890,11765,11855,120058,11850,37,52
20151126 10:36:04.000,11850,11890,11765,11855,120062,11850,35,52
20151126 10:36:05.000,11850,11890,11765,11855,120062,11850,37,55
20151126 10:36:08.000,11850,11890,11765,11855,120062,11850,37,60
20151126 10:36:09.000,11850,11890,11765,11855,120064,11850,36,60
20151126 10:36:11.000,11850,11890,11765,11855,120064,11850,34,60
20151126 10:36:12.000,11850,11890,11765,11855,120068,11850,32,63
20151126 10:36:15.000,11850,11890,11765,11855,120068,11850,36,64
20151126 10:36:16.000,11850,11890,11765,11855,120072,11850,34,64
20151126 10:36:17.000,11850,11890,11765,11855,120072,11850,18,64
20151126 10:36:19.000,11850,11890,11765,11855,120072,11850,18,66
20151126 10:36:22.000,11850,11890,11765,11855,120074,11850,17,66
20151126 10:36:24.000,11850,11890,11765,11855,120074,11850,37,66
20151126 10:36:25.000,11850,11890,11765,11855,120076,11850,36,66
20151126 10:36:28.000,11850,11890,11765,11855,120076,11850,40,66
20151126 10:36:30.000,11850,11890,11765,11855,120076,11850,42,66
20151126 10:36:32.000,11850,11890,11765,11855,120078,11850,41,66
20151126 10:36:36.000,11850,11890,11765,11855,120098,11850,31,66
20151126 10:36:45.000,11850,11890,11765,11855,120100,11850,30,67
20151126 10:36:47.000,11850,11890,11765,11855,120100,11850,30,66
20151126 10:36:53.000,11850,11890,11765,11855,120102,11850,29,67
20151126 10:36:58.000,11850,11890,11765,11855,120102,11850,25,67
20151126 10:37:00.000,11850,11890,11765,11855,120106,11850,23,67
20151126 10:37:00.000,11850,11890,11765,11855,120108,11850,22,67
20151126 10:37:04.000,11850,11890,11765,11855,120112,11850,20,67
20151126 10:37:04.000,11850,11890,11765,11855,120116,11850,18,70
20151126 10:37:12.000,11850,11890,11765,11855,120120,11850,16,70
20151126 10:37:15.000,11850,11890,11765,11855,120122,11850,15,72
20151126 10:37:17.000,11850,11890,11765,11855,120134,11850,9,72
20151126 10:37:19.000,11850,11890,11765,11855,120134,11850,9,73
20151126 10:37:22.000,11850,11890,11765,11855,120136,11850,8,73
20151126 10:37:23.000,11850,11890,11765,11855,120136,11850,30,73
20151126 10:37:24.000,11850,11890,11765,11855,120138,11850,29,73
20151126 10:37:27.000,11850,11890,11765,11855,120138,11850,29,72
20151126 10:37:28.000,11850,11890,11765,11855,120140,11855,29,71
20151126 10:37:41.000,11850,11890,11765,11855,120142,11850,28,71
20151126 10:37:50.000,11845,11890,11765,11850,120198,11850,209,3
20151126 10:37:50.000,11845,11890,11765,11850,120202,11845,207,7
20151126 10:37:51.000,11845,11890,11765,11850,120212,11845,202,9
20151126 10:37:54.000,11845,11890,11765,11850,120214,11850,202,27
20151126 10:37:55.000,11845,11890,11765,11850,120214,11850,202,33
20151126 10:37:56.000,11845,11890,11765,11850,120214,11850,202,38
20151126 10:37:58.000,11845,11890,11765,11850,120214,11850,203,38
20151126 10:37:59.000,11845,11890,11765,11850,120214,11850,193,38
20151126 10:38:01.000,11845,11890,11765,11850,120216,11845,192,38
20151126 10:38:03.000,11845,11890,11765,11850,120220,11845,190,38
20151126 10:38:04.000,11845,11890,11765,11850,120224,11845,188,38
20151126 10:38:10.000,11845,11890,11765,11850,120224,11845,188,39
20151126 10:38:12.000,11845,11890,11765,11850,120232,11850,185,38
20151126 10:38:13.000,11845,11890,11765,11850,120232,11850,188,39
20151126 10:38:14.000,11845,11890,11765,11850,120234,11845,187,39
20151126 10:38:16.000,11845,11890,11765,11850,120236,11850,187,47
20151126 10:38:17.000,11845,11890,11765,11850,120240,11845,186,47
20151126 10:38:18.000,11845,11890,11765,11850,120242,11845,185,47
20151126 10:38:19.000,11845,11890,11765,11850,120242,11845,185,49
20151126 10:38:21.000,11845,11890,11765,11850,120242,11845,185,50
20151126 10:38:22.000,11845,11890,11765,11850,120244,11845,188,51
20151126 10:38:23.000,11845,11890,11765,11850,120248,11850,188,49
20151126 10:38:24.000,11845,11890,11765,11850,120250,11845,187,49
20151126 10:38:24.000,11845,11890,11765,11850,120270,11850,187,39
20151126 10:38:28.000,11845,11890,11765,11850,120272,11845,186,39
20151126 10:38:29.000,11845,11890,11765,11850,120272,11845,186,44
20151126 10:38:30.000,11845,11890,11765,11850,120274,11850,186,43
20151126 10:38:35.000,11845,11890,11765,11850,120276,11850,186,42
20151126 10:38:37.000,11845,11890,11765,11850,120276,11850,186,43
20151126 10:38:40.000,11845,11890,11765,11850,120282,11850,186,40
20151126 10:38:41.000,11845,11890,11765,11850,120306,11850,186,26
20151126 10:38:42.000,11845,11890,11765,11850,120312,11845,183,27
20151126 10:38:42.000,11845,11890,11765,11850,120314,11845,182,27
20151126 10:38:43.000,11845,11890,11765,11850,120320,11850,179,24
20151126 10:38:46.000,11845,11890,11765,11850,120330,11845,174,24
20151126 10:38:47.000,11845,11890,11765,11850,120330,11845,174,41
20151126 10:38:49.000,11845,11890,11765,11850,120330,11845,174,48
20151126 10:38:49.000,11845,11890,11765,11850,120334,11850,172,59
20151126 10:38:50.000,11845,11890,11765,11850,120334,11850,173,60
20151126 10:38:53.000,11845,11890,11765,11850,120336,11845,172,61
20151126 10:38:54.000,11845,11890,11765,11850,120336,11845,172,68
20151126 10:39:01.000,11845,11890,11765,11850,120338,11845,171,68
20151126 10:39:04.000,11845,11890,11765,11850,120342,11845,174,68
20151126 10:39:05.000,11845,11890,11765,11850,120344,11845,173,67
20151126 10:39:08.000,11845,11890,11765,11850,120344,11845,174,67
20151126 10:39:10.000,11845,11890,11765,11850,120344,11845,175,68
20151126 10:39:12.000,11845,11890,11765,11850,120348,11845,173,68
20151126 10:39:14.000,11845,11890,11765,11850,120432,11845,131,68
20151126 10:39:15.000,11845,11890,11765,11850,120432,11845,133,70
20151126 10:39:16.000,11845,11890,11765,11850,120432,11845,133,81
20151126 10:39:16.000,11845,11890,11765,11850,120436,11845,131,81
20151126 10:39:17.000,11845,11890,11765,11850,120436,11845,131,80
20151126 10:39:19.000,11845,11890,11765,11850,120436,11845,131,84
20151126 10:39:19.000,11845,11890,11765,11850,120534,11845,84,98
20151126 10:39:21.000,11840,11890,11765,11845,120726,11845,260,5
20151126 10:39:22.000,11840,11890,11765,11845,120726,11845,260,40
20151126 10:39:23.000,11840,11890,11765,11845,120728,11845,260,39
20151126 10:39:24.000,11840,11890,11765,11845,120728,11845,260,51
20151126 10:39:25.000,11840,11890,11765,11845,120734,11845,260,70
20151126 10:39:26.000,11840,11890,11765,11845,120734,11845,260,71
20151126 10:39:33.000,11840,11890,11765,11845,120736,11840,260,71
20151126 10:39:34.000,11840,11890,11765,11845,120736,11840,259,71
20151126 10:39:39.000,11840,11890,11765,11845,120740,11840,257,71
20151126 10:39:39.000,11840,11890,11765,11845,120750,11840,252,72
20151126 10:39:41.000,11840,11890,11765,11845,120756,11845,252,69
20151126 10:39:43.000,11840,11890,11765,11845,120756,11845,252,72
20151126 10:39:44.000,11840,11890,11765,11845,120756,11845,254,72
20151126 10:39:46.000,11840,11890,11765,11845,120774,11845,255,63
20151126 10:39:47.000,11840,11890,11765,11845,120774,11845,255,60
20151126 10:39:47.000,11840,11890,11765,11845,120776,11845,255,43
20151126 10:39:48.000,11840,11890,11765,11845,120780,11840,253,45
20151126 10:39:50.000,11840,11890,11765,11845,120782,11845,253,44
20151126 10:39:50.000,11840,11890,11765,11845,120784,11845,253,70
20151126 10:39:53.000,11840,11890,11765,11845,120786,11840,252,70
20151126 10:39:54.000,11840,11890,11765,11845,120786,11840,252,76
20151126 10:39:55.000,11840,11890,11765,11845,120786,11840,252,79
20151126 10:39:57.000,11840,11890,11765,11845,120786,11840,253,79
20151126 10:39:57.000,11840,11890,11765,11845,120790,11840,251,79
20151126 10:39:58.000,11840,11890,11765,11845,120790,11840,251,84
20151126 10:40:00.000,11840,11890,11765,11845,120790,11840,252,84
20151126 10:40:01.000,11840,11890,11765,11845,120792,11840,251,84
20151126 10:40:02.000,11840,11890,11765,11845,120796,11840,249,83
20151126 10:40:03.000,11840,11890,11765,11845,120796,11840,256,83
20151126 10:40:04.000,11840,11890,11765,11845,120800,11840,254,77
20151126 10:40:04.000,11840,11890,11765,11845,120804,11840,252,77
20151126 10:40:05.000,11840,11890,11765,11845,120806,11840,251,77
20151126 10:40:07.000,11840,11890,11765,11845,120810,11840,249,77
20151126 10:40:10.000,11840,11890,11765,11845,120814,11845,249,75
20151126 10:40:11.000,11840,11890,11765,11845,120820,11840,246,75
20151126 10:40:12.000,11840,11890,11765,11845,120824,11840,244,75
20151126 10:40:14.000,11840,11890,11765,11845,120834,11840,235,81
20151126 10:40:15.000,11840,11890,11765,11845,120848,11845,235,74
20151126 10:40:15.000,11840,11890,11765,11845,120862,11845,235,67
20151126 10:40:17.000,11840,11890,11765,11845,120866,11840,233,67
20151126 10:40:20.000,11840,11890,11765,11845,120868,11845,243,69
20151126 10:40:25.000,11840,11890,11765,11845,120868,11845,243,127
20151126 10:40:26.000,11840,11890,11765,11845,120868,11845,243,136
20151126 10:40:27.000,11840,11890,11765,11845,120868,11845,243,137
20151126 10:40:29.000,11840,11890,11765,11845,120870,11845,243,136
20151126 10:40:30.000,11840,11890,11765,11845,120870,11845,253,136
20151126 10:40:31.000,11840,11890,11765,11845,120870,11845,254,136
20151126 10:40:32.000,11840,11890,11765,11845,120870,11845,255,136
20151126 10:40:33.000,11840,11890,11765,11845,120870,11845,255,138
20151126 10:40:34.000,11840,11890,11765,11845,120870,11845,255,137
20151126 10:40:35.000,11840,11890,11765,11845,120870,11845,255,131
20151126 10:40:36.000,11840,11890,11765,11845,120874,11845,265,130
20151126 10:40:37.000,11840,11890,11765,11845,120874,11845,265,140
20151126 10:40:40.000,11840,11890,11765,11845,120874,11845,265,141
20151126 10:40:41.000,11840,11890,11765,11845,120874,11845,266,141
20151126 10:40:41.000,11840,11890,11765,11845,120880,11840,263,147
20151126 10:40:42.000,11840,11890,11765,11845,120882,11845,263,146
20151126 10:40:44.000,11840,11890,11765,11845,120882,11845,263,147
20151126 10:40:44.000,11840,11890,11765,11845,120884,11840,262,147
20151126 10:40:45.000,11840,11890,11765,11845,120884,11840,262,148
20151126 10:40:47.000,11840,11890,11765,11845,120884,11840,263,148
20151126 10:40:48.000,11840,11890,11765,11845,120884,11840,268,145
20151126 10:40:50.000,11840,11890,11765,11845,120884,11840,269,98
20151126 10:40:51.000,11840,11890,11765,11845,120884,11840,269,97
20151126 10:40:56.000,11840,11890,11765,11845,120884,11840,269,104
20151126 10:40:57.000,11840,11890,11765,11845,120888,11845,268,103
20151126 10:40:58.000,11840,11890,11765,11845,120888,11845,267,103
20151126 10:41:00.000,11840,11890,11765,11845,120890,11840,276,103
20151126 10:41:01.000,11840,11890,11765,11845,120890,11840,276,102
20151126 10:41:01.000,11840,11890,11765,11845,120892,11840,275,102
20151126 10:41:01.000,11840,11890,11765,11845,120894,11840,274,102
20151126 10:41:03.000,11840,11890,11765,11845,120894,11840,274,110
20151126 10:41:04.000,11840,11890,11765,11845,120898,11840,272,110
20151126 10:41:05.000,11840,11890,11765,11845,120898,11840,273,110
20151126 10:41:09.000,11840,11890,11765,11845,120898,11840,274,110
20151126 10:41:10.000,11840,11890,11765,11845,120898,11840,274,111
20151126 10:41:12.000,11840,11890,11765,11845,120900,11840,273,111
20151126 10:41:13.000,11840,11890,11765,11845,120900,11840,273,112
20151126 10:41:15.000,11840,11890,11765,11845,120902,11840,272,112
20151126 10:41:17.000,11840,11890,11765,11845,120906,11840,270,112
20151126 10:41:18.000,11840,11890,11765,11845,120906,11840,270,116
20151126 10:41:21.000,11840,11890,11765,11845,120908,11845,270,125
20151126 10:41:25.000,11840,11890,11765,11845,120908,11845,271,120
20151126 10:41:28.000,11840,11890,11765,11845,120908,11845,271,119
20151126 10:41:35.000,11840,11890,11765,11845,120908,11845,269,132
20151126 10:41:39.000,11840,11890,11765,11845,120908,11845,269,133
20151126 10:41:42.000,11840,11890,11765,11845,120912,11845,269,131
20151126 10:41:43.000,11840,11890,11765,11845,120912,11845,269,125
20151126 10:41:48.000,11840,11890,11765,11845,120924,11840,263,117
20151126 10:41:50.000,11840,11890,11765,11845,120924,11840,263,118
20151126 10:41:50.000,11840,11890,11765,11845,121062,11840,194,124
20151126 10:41:51.000,11840,11890,11765,11845,121068,11840,191,124
20151126 10:41:53.000,11840,11890,11765,11845,121070,11840,190,124
20151126 10:41:56.000,11840,11890,11765,11845,121070,11840,192,124
20151126 10:41:57.000,11840,11890,11765,11845,121074,11840,190,125
20151126 10:42:01.000,11840,11890,11765,11845,121076,11840,189,125
20151126 10:42:03.000,11840,11890,11765,11845,121078,11845,189,124
20151126 10:42:04.000,11840,11890,11765,11845,121082,11840,186,124
20151126 10:42:05.000,11840,11890,11765,11845,121082,11840,186,112
20151126 10:42:06.000,11840,11890,11765,11845,121086,11845,186,132
20151126 10:42:06.000,11840,11890,11765,11845,121088,11845,186,131
20151126 10:42:12.000,11840,11890,11765,11845,121088,11845,187,131
20151126 10:42:13.000,11840,11890,11765,11845,121088,11845,187,125
20151126 10:42:25.000,11840,11890,11765,11845,121106,11840,177,131
20151126 10:42:26.000,11840,11890,11765,11845,121106,11840,177,133
20151126 10:42:27.000,11840,11890,11765,11845,121106,11840,187,133
20151126 10:42:30.000,11840,11890,11765,11845,121108,11840,187,127
20151126 10:42:34.000,11840,11890,11765,11845,121108,11840,188,135
20151126 10:42:34.000,11840,11890,11765,11845,121110,11840,187,97
20151126 10:42:35.000,11840,11890,11765,11845,121112,11845,187,134
20151126 10:42:44.000,11840,11890,11765,11845,121112,11845,187,141
20151126 10:42:48.000,11840,11890,11765,11845,121112,11845,187,142
20151126 10:42:52.000,11840,11890,11765,11845,121112,11845,188,142
20151126 10:42:58.000,11840,11890,11765,11845,121112,11845,188,141
20151126 10:43:01.000,11840,11890,11765,11845,121152,11845,190,106
20151126 10:43:01.000,11840,11890,11765,11845,121154,11840,189,112
20151126 10:43:04.000,11840,11890,11765,11845,121154,11840,189,113
20151126 10:43:04.000,11840,11890,11765,11845,121158,11840,187,70
20151126 10:43:05.000,11840,11890,11765,11845,121160,11845,187,69
20151126 10:43:05.000,11840,11890,11765,11845,121162,11845,186,68
20151126 10:43:06.000,11840,11890,11765,11845,121162,11845,186,69
20151126 10:43:07.000,11840,11890,11765,11845,121182,11840,177,74
20151126 10:43:09.000,11840,11890,11765,11845,121182,11840,175,74
20151126 10:43:10.000,11840,11890,11765,11845,121182,11840,175,73
20151126 10:43:11.000,11840,11890,11765,11845,121186,11845,175,65
20151126 10:43:12.000,11840,11890,11765,11845,121250,11845,153,61
20151126 10:43:16.000,11840,11890,11765,11845,121250,11845,154,55
20151126 10:43:17.000,11840,11890,11765,11845,121284,11840,137,61
20151126 10:43:17.000,11840,11890,11765,11845,121286,11845,137,60
20151126 10:43:19.000,11840,11890,11765,11845,121288,11845,137,59
20151126 10:43:21.000,11840,11890,11765,11845,121288,11845,138,53
20151126 10:43:23.000,11840,11890,11765,11845,121290,11845,138,52
20151126 10:43:25.000,11840,11890,11765,11845,121290,11845,137,52
20151126 10:43:26.000,11840,11890,11765,11845,121290,11845,136,52
20151126 10:43:28.000,11840,11890,11765,11845,121294,11845,136,50
20151126 10:43:29.000,11840,11890,11765,11845,121294,11845,156,50
20151126 10:43:32.000,11840,11890,11765,11845,121294,11845,166,50
20151126 10:43:34.000,11840,11890,11765,11845,121294,11845,166,48
20151126 10:43:35.000,11840,11890,11765,11845,121300,11845,166,45
20151126 10:43:36.000,11840,11890,11765,11845,121308,11840,162,45
20151126 10:43:43.000,11840,11890,11765,11845,121310,11840,161,51
20151126 10:43:46.000,11840,11890,11765,11845,121312,11845,161,50
20151126 10:43:49.000,11840,11890,11765,11845,121316,11840,167,50
20151126 10:43:50.000,11840,11890,11765,11845,121316,11840,167,51
20151126 10:43:55.000,11840,11890,11765,11845,121316,11840,167,52
20151126 10:43:57.000,11840,11890,11765,11845,121316,11840,166,52
20151126 10:43:58.000,11840,11890,11765,11845,121316,11840,176,52
20151126 10:43:59.000,11840,11890,11765,11845,121316,11840,176,46
20151126 10:44:01.000,11840,11890,11765,11845,121338,11845,175,43
20151126 10:44:04.000,11840,11890,11765,11845,121340,11840,174,43
20151126 10:44:05.000,11840,11890,11765,11845,121340,11840,174,54
20151126 10:44:05.000,11840,11890,11765,11845,121342,11840,173,54
20151126 10:44:08.000,11840,11890,11765,11845,121344,11845,173,53
20151126 10:44:10.000,11840,11890,11765,11845,121344,11845,174,53
20151126 10:44:11.000,11840,11890,11765,11845,121344,11845,176,53
20151126 10:44:12.000,11840,11890,11765,11845,121344,11845,176,58
20151126 10:44:14.000,11840,11890,11765,11845,121346,11845,176,57
20151126 10:44:15.000,11840,11890,11765,11845,121346,11845,176,51
20151126 10:44:18.000,11840,11890,11765,11845,121348,11845,177,50
20151126 10:44:19.000,11840,11890,11765,11845,121348,11845,177,70
20151126 10:44:20.000,11840,11890,11765,11845,121348,11845,177,76
20151126 10:44:21.000,11840,11890,11765,11845,121360,11845,177,70
20151126 10:44:22.000,11840,11890,11765,11845,121362,11845,177,63
20151126 10:44:26.000,11835,11890,11765,11840,121716,11840,445,26
20151126 10:44:27.000,11835,11890,11765,11840,121736,11840,445,16
20151126 10:44:29.000,11835,11890,11765,11840,121738,11840,445,21
20151126 10:44:30.000,11835,11890,11765,11840,121740,11840,445,50
20151126 10:44:33.000,11835,11890,11765,11840,121740,11840,445,76
20151126 10:44:35.000,11835,11890,11765,11840,121740,11840,446,76
20151126 10:44:36.000,11835,11890,11765,11840,121742,11840,446,83
20151126 10:44:37.000,11835,11890,11765,11840,121742,11840,446,133
20151126 10:44:40.000,11835,11890,11765,11840,121744,11840,446,132
20151126 10:44:40.000,11835,11890,11765,11840,121748,11840,400,130
20151126 10:44:41.000,11835,11890,11765,11840,121760,11840,400,124
20151126 10:44:41.000,11835,11890,11765,11840,121762,11840,400,123
20151126 10:44:42.000,11835,11890,11765,11840,121764,11840,400,122
20151126 10:44:43.000,11835,11890,11765,11840,121766,11840,400,121
20151126 10:44:43.000,11835,11890,11765,11840,121768,11840,400,120
20151126 10:44:44.000,11835,11890,11765,11840,121772,11840,400,118
20151126 10:44:44.000,11835,11890,11765,11840,121774,11840,400,117
20151126 10:44:45.000,11835,11890,11765,11840,121776,11840,400,116
20151126 10:44:45.000,11835,11890,11765,11840,121780,11840,400,115
20151126 10:44:46.000,11835,11890,11765,11840,121782,11840,400,114
20151126 10:44:46.000,11835,11890,11765,11840,121786,11835,398,114
20151126 10:44:47.000,11835,11890,11765,11840,121788,11840,399,113
20151126 10:44:48.000,11835,11890,11765,11840,121788,11840,399,114
20151126 10:44:54.000,11835,11890,11765,11840,121828,11840,399,94
20151126 10:44:56.000,11835,11890,11765,11840,121836,11840,399,90
20151126 10:44:58.000,11835,11890,11765,11840,121838,11840,399,90
20151126 10:44:59.000,11835,11890,11765,11840,121880,11840,399,69
20151126 10:45:00.000,11835,11890,11765,11840,121914,11840,399,53
20151126 10:45:00.000,11840,11890,11765,11845,122020,11840,29,65
20151126 10:45:01.000,11840,11890,11765,11845,122020,11840,89,65
20151126 10:45:01.000,11840,11890,11765,11845,122022,11840,88,65
20151126 10:45:02.000,11840,11890,11765,11845,122022,11840,90,65
20151126 10:45:03.000,11840,11890,11765,11845,122022,11840,91,76
20151126 10:45:05.000,11840,11890,11765,11845,122022,11840,95,76
20151126 10:45:10.000,11840,11890,11765,11845,122022,11840,95,77
20151126 10:45:16.000,11840,11890,11765,11845,122022,11840,115,81
20151126 10:45:17.000,11840,11890,11765,11845,122022,11840,115,56
20151126 10:45:18.000,11840,11890,11765,11845,122022,11840,115,45
20151126 10:45:19.000,11840,11890,11765,11845,122022,11840,115,46
20151126 10:45:23.000,11840,11890,11765,11845,122024,11840,79,46
20151126 10:45:24.000,11840,11890,11765,11845,122024,11840,80,46
20151126 10:45:26.000,11840,11890,11765,11845,122024,11840,81,46
20151126 10:45:29.000,11840,11890,11765,11845,122024,11840,61,46
20151126 10:45:30.000,11840,11890,11765,11845,122024,11840,62,46
20151126 10:45:31.000,11840,11890,11765,11845,122024,11840,64,46
20151126 10:45:32.000,11840,11890,11765,11845,122024,11840,63,46
20151126 10:45:33.000,11840,11890,11765,11845,122024,11840,63,51
20151126 10:45:35.000,11840,11890,11765,11845,122028,11840,61,51
20151126 10:45:37.000,11840,11890,11765,11845,122030,11840,60,51
20151126 10:45:40.000,11840,11890,11765,11845,122030,11840,65,51
20151126 10:45:44.000,11840,11890,11765,11845,122032,11840,64,51
20151126 10:45:45.000,11840,11890,11765,11845,122032,11840,60,51
20151126 10:45:45.000,11840,11890,11765,11845,122072,11840,40,51
20151126 10:45:49.000,11840,11890,11765,11845,122082,11840,35,51
20151126 10:45:52.000,11840,11890,11765,11845,122084,11840,34,51
20151126 10:45:54.000,11840,11890,11765,11845,122084,11840,34,71
20151126 10:45:54.000,11840,11890,11765,11845,122086,11840,33,71
20151126 10:45:55.000,11840,11890,11765,11845,122092,11840,30,71
20151126 10:45:56.000,11840,11890,11765,11845,122118,11840,17,71
20151126 10:45:56.000,11840,11890,11765,11845,122140,11840,6,71
20151126 10:45:57.000,11835,11890,11765,11840,122152,11840,407,61
20151126 10:45:59.000,11835,11890,11765,11840,122194,11840,406,41
20151126 10:46:01.000,11835,11890,11765,11840,122196,11835,405,41
20151126 10:46:04.000,11835,11890,11765,11840,122200,11840,404,39
20151126 10:46:05.000,11835,11890,11765,11840,122200,11840,404,40
20151126 10:46:06.000,11835,11890,11765,11840,122200,11840,405,18
20151126 10:46:07.000,11840,11890,11765,11845,122204,11840,80,51
20151126 10:46:08.000,11840,11890,11765,11845,122204,11840,101,51
20151126 10:46:09.000,11840,11890,11765,11845,122204,11840,101,69
20151126 10:46:12.000,11840,11890,11765,11845,122204,11840,101,73
20151126 10:46:14.000,11840,11890,11765,11845,122204,11840,101,93
20151126 10:46:16.000,11840,11890,11765,11845,122204,11840,101,121
20151126 10:46:17.000,11840,11890,11765,11845,122204,11840,101,131
20151126 10:46:18.000,11840,11890,11765,11845,122204,11840,102,131
20151126 10:46:19.000,11840,11890,11765,11845,122204,11840,102,130
20151126 10:46:22.000,11840,11890,11765,11845,122204,11840,102,338
20151126 10:46:23.000,11835,11890,11765,11840,122408,11840,406,30
20151126 10:46:24.000,11835,11890,11765,11840,122410,11840,406,56
20151126 10:46:27.000,11835,11890,11765,11840,122410,11840,400,56
20151126 10:46:29.000,11835,11890,11765,11840,122414,11840,400,54
20151126 10:46:30.000,11835,11890,11765,11840,122414,11840,400,55
20151126 10:46:31.000,11835,11890,11765,11840,122422,11840,401,51
20151126 10:46:32.000,11835,11890,11765,11840,122422,11840,401,55
20151126 10:46:32.000,11835,11890,11765,11840,122424,11840,401,54
20151126 10:46:33.000,11835,11890,11765,11840,122424,11840,400,54
20151126 10:46:34.000,11835,11890,11765,11840,122424,11840,400,73
20151126 10:46:34.000,11835,11890,11765,11840,122426,11840,400,72
20151126 10:46:36.000,11835,11890,11765,11840,122428,11840,400,71
20151126 10:46:37.000,11835,11890,11765,11840,122430,11840,400,70
20151126 10:46:38.000,11835,11890,11765,11840,122430,11840,396,70
20151126 10:46:41.000,11835,11890,11765,11840,122432,11840,396,69
20151126 10:46:42.000,11835,11890,11765,11840,122434,11840,396,68
20151126 10:46:45.000,11835,11890,11765,11840,122436,11840,396,67
20151126 10:46:51.000,11835,11890,11765,11840,122438,11840,396,66
20151126 10:46:52.000,11835,11890,11765,11840,122440,11835,395,66
20151126 10:46:53.000,11835,11890,11765,11840,122440,11835,395,67
20151126 10:46:54.000,11835,11890,11765,11840,122444,11840,395,65
20151126 10:46:55.000,11835,11890,11765,11840,122454,11840,395,60
20151126 10:46:59.000,11835,11890,11765,11840,122454,11840,395,61
20151126 10:47:00.000,11835,11890,11765,11840,122454,11840,396,61
20151126 10:47:01.000,11835,11890,11765,11840,122456,11835,395,62
20151126 10:47:02.000,11835,11890,11765,11840,122458,11840,395,62
20151126 10:47:04.000,11835,11890,11765,11840,122458,11840,395,63
20151126 10:47:04.000,11835,11890,11765,11840,122462,11835,393,63
20151126 10:47:05.000,11835,11890,11765,11840,122462,11835,393,62
20151126 10:47:06.000,11835,11890,11765,11840,122462,11835,393,64
20151126 10:47:10.000,11835,11890,11765,11840,122464,11840,393,63
20151126 10:47:13.000,11835,11890,11765,11840,122474,11840,393,59
20151126 10:47:13.000,11835,11890,11765,11840,122484,11835,388,59
20151126 10:47:14.000,11835,11890,11765,11840,122484,11835,389,63
20151126 10:47:16.000,11835,11890,11765,11840,122484,11835,389,76
20151126 10:47:17.000,11835,11890,11765,11840,122484,11835,389,77
20151126 10:47:17.000,11835,11890,11765,11840,122488,11835,387,77
20151126 10:47:19.000,11835,11890,11765,11840,122488,11835,387,78
20151126 10:47:26.000,11835,11890,11765,11840,122490,11840,387,77
20151126 10:47:26.000,11835,11890,11765,11840,122494,11835,386,76
20151126 10:47:27.000,11835,11890,11765,11840,122496,11840,386,75
20151126 10:47:34.000,11835,11890,11765,11840,122498,11840,361,74
20151126 10:47:37.000,11835,11890,11765,11840,122514,11840,361,66
20151126 10:47:39.000,11835,11890,11765,11840,122514,11840,361,55
20151126 10:47:40.000,11835,11890,11765,11840,122516,11840,362,54
20151126 10:47:43.000,11835,11890,11765,11840,122516,11840,363,54
20151126 10:47:44.000,11835,11890,11765,11840,122516,11840,364,54
20151126 10:47:45.000,11835,11890,11765,11840,122518,11840,364,53
20151126 10:47:47.000,11835,11890,11765,11840,122520,11840,364,52
20151126 10:47:51.000,11835,11890,11765,11840,122530,11840,364,47
20151126 10:47:52.000,11835,11890,11765,11840,122534,11840,363,47
20151126 10:47:54.000,11835,11890,11765,11840,122534,11840,363,52
20151126 10:47:55.000,11835,11890,11765,11840,122534,11840,367,52
20151126 10:48:01.000,11835,11890,11765,11840,122534,11840,367,50
20151126 10:48:02.000,11835,11890,11765,11840,122536,11840,367,49
20151126 10:48:03.000,11835,11890,11765,11840,122558,11840,366,39
20151126 10:48:04.000,11835,11890,11765,11840,122578,11840,366,29
20151126 10:48:04.000,11835,11890,11765,11840,122580,11835,365,29
20151126 10:48:05.000,11835,11890,11765,11840,122580,11835,365,28
20151126 10:48:07.000,11835,11890,11765,11840,122584,11835,363,28
20151126 10:48:12.000,11835,11890,11765,11840,122584,11835,364,59
20151126 10:48:12.000,11835,11890,11765,11840,122586,11835,363,59
20151126 10:48:13.000,11835,11890,11765,11840,122588,11840,363,58
20151126 10:48:14.000,11835,11890,11765,11840,122594,11840,363,55
20151126 10:48:15.000,11835,11890,11765,11840,122594,11840,364,55
20151126 10:48:18.000,11835,11890,11765,11840,122596,11840,364,54
20151126 10:48:20.000,11835,11890,11765,11840,122596,11840,364,57
20151126 10:48:21.000,11835,11890,11765,11840,122596,11840,361,57
20151126 10:48:23.000,11835,11890,11765,11840,122596,11840,362,57
20151126 10:48:23.000,11835,11890,11765,11840,122598,11840,362,56
20151126 10:48:24.000,11835,11890,11765,11840,122638,11840,362,36
20151126 10:48:25.000,11835,11890,11765,11840,122642,11840,362,34
20151126 10:48:26.000,11835,11890,11765,11840,122644,11840,362,53
20151126 10:48:27.000,11835,11890,11765,11840,122644,11840,362,54
20151126 10:48:27.000,11835,11890,11765,11840,122646,11840,362,53
20151126 10:48:29.000,11835,11890,11765,11840,122650,11840,362,51
20151126 10:48:30.000,11835,11890,11765,11840,122652,11840,362,50
20151126 10:48:31.000,11835,11890,11765,11840,122666,11840,362,43
20151126 10:48:36.000,11835,11890,11765,11840,122666,11840,361,43
20151126 10:48:37.000,11835,11890,11765,11840,122686,11840,361,33
20151126 10:48:38.000,11835,11890,11765,11840,122688,11840,361,33
20151126 10:48:39.000,11835,11890,11765,11840,122694,11840,361,30
20151126 10:48:40.000,11835,11890,11765,11840,122694,11840,361,32
20151126 10:48:43.000,11835,11890,11765,11840,122696,11840,361,31
20151126 10:48:45.000,11835,11890,11765,11840,122698,11840,361,30
20151126 10:48:46.000,11835,11890,11765,11840,122700,11840,361,29
20151126 10:48:51.000,11835,11890,11765,11840,122704,11840,361,27
20151126 10:48:53.000,11835,11890,11765,11840,122724,11840,361,17
20151126 10:48:54.000,11835,11890,11765,11840,122724,11840,361,23
20151126 10:48:56.000,11835,11890,11765,11840,122734,11840,361,42
20151126 10:48:57.000,11835,11890,11765,11840,122740,11840,361,39
20151126 10:48:59.000,11835,11890,11765,11840,122742,11840,361,38
20151126 10:49:04.000,11835,11890,11765,11840,122742,11840,361,40
20151126 10:49:13.000,11835,11890,11765,11840,122762,11840,361,30
20151126 10:49:17.000,11835,11890,11765,11845,122822,11840,361,289
20151126 10:49:19.000,11840,11890,11765,11845,122822,11840,4,292
20151126 10:49:22.000,11840,11890,11765,11845,122822,11840,70,292
20151126 10:49:25.000,11840,11890,11765,11845,122822,11840,71,292
20151126 10:49:29.000,11840,11890,11765,11845,122822,11840,72,292
20151126 10:49:32.000,11840,11890,11765,11845,122822,11840,73,292
20151126 10:49:33.000,11840,11890,11765,11845,122822,11840,78,291
20151126 10:49:34.000,11840,11890,11765,11845,122832,11840,73,291
20151126 10:49:35.000,11840,11890,11765,11845,122832,11840,38,291
20151126 10:49:37.000,11840,11890,11765,11845,122832,11840,41,291
20151126 10:49:38.000,11840,11890,11765,11845,122838,11840,38,291
20151126 10:49:41.000,11840,11890,11765,11845,122848,11840,34,291
20151126 10:49:44.000,11840,11890,11765,11845,122884,11840,3,291
20151126 10:49:45.000,11835,11890,11765,11840,122890,11840,360,24
20151126 10:49:54.000,11835,11890,11765,11840,122916,11840,356,82
20151126 10:49:56.000,11835,11890,11765,11840,122924,11840,356,98
20151126 10:49:58.000,11835,11890,11765,11840,122926,11840,356,97
20151126 10:50:04.000,11835,11890,11765,11840,122926,11840,356,98
20151126 10:50:09.000,11835,11890,11765,11840,122926,11840,358,98
20151126 10:50:15.000,11835,11890,11765,11840,122928,11840,358,97
20151126 10:50:19.000,11835,11890,11765,11840,122930,11840,358,96
20151126 10:50:23.000,11835,11890,11765,11840,122980,11835,333,96
20151126 10:50:27.000,11835,11890,11765,11840,122980,11835,334,96
20151126 10:50:30.000,11835,11890,11765,11840,122982,11840,334,95
20151126 10:50:37.000,11835,11890,11765,11840,122984,11835,333,95
20151126 10:50:38.000,11835,11890,11765,11840,122984,11835,338,95
20151126 10:50:38.000,11835,11890,11765,11840,122990,11835,335,95
20151126 10:50:39.000,11835,11890,11765,11840,122992,11840,335,94
20151126 10:50:44.000,11835,11890,11765,11840,122992,11840,336,94
20151126 10:50:49.000,11835,11890,11765,11840,122992,11840,337,94
20151126 10:50:51.000,11835,11890,11765,11840,122994,11840,337,93
20151126 10:50:53.000,11835,11890,11765,11840,123014,11835,327,93
20151126 10:50:54.000,11835,11890,11765,11840,123034,11840,327,83
20151126 10:50:57.000,11835,11890,11765,11840,123034,11840,327,105
20151126 10:50:58.000,11835,11890,11765,11840,123038,11840,327,103
20151126 10:50:59.000,11835,11890,11765,11840,123038,11840,326,103
20151126 10:51:01.000,11835,11890,11765,11840,123042,11840,326,101
20151126 10:51:03.000,11835,11890,11765,11840,123042,11840,326,81
20151126 10:51:04.000,11835,11890,11765,11840,123044,11840,326,80
20151126 10:51:05.000,11835,11890,11765,11840,123048,11835,324,80
20151126 10:51:06.000,11835,11890,11765,11840,123052,11835,322,80
20151126 10:51:09.000,11835,11890,11765,11840,123054,11840,322,79
20151126 10:51:11.000,11835,11890,11765,11840,123058,11840,322,77
20151126 10:51:12.000,11835,11890,11765,11840,123058,11840,323,77
20151126 10:51:13.000,11835,11890,11765,11840,123060,11840,323,76
20151126 10:51:15.000,11835,11890,11765,11840,123062,11840,323,75
20151126 10:51:16.000,11835,11890,11765,11840,123064,11840,323,74
20151126 10:51:22.000,11835,11890,11765,11840,123066,11840,323,73
20151126 10:51:25.000,11835,11890,11765,11840,123070,11840,323,71
20151126 10:51:27.000,11835,11890,11765,11840,123070,11840,315,71
20151126 10:51:41.000,11835,11890,11765,11840,123070,11840,310,71
20151126 10:51:43.000,11835,11890,11765,11840,123070,11840,311,73
20151126 10:51:47.000,11835,11890,11765,11840,123074,11840,311,71
20151126 10:51:51.000,11835,11890,11765,11840,123078,11840,311,69
20151126 10:51:53.000,11835,11890,11765,11840,123080,11840,311,68
20151126 10:51:54.000,11835,11890,11765,11840,123082,11840,311,67
20151126 10:51:55.000,11835,11890,11765,11840,123084,11840,311,66
20151126 10:52:06.000,11835,11890,11765,11840,123084,11840,310,67
20151126 10:52:07.000,11835,11890,11765,11840,123084,11840,310,81
20151126 10:52:16.000,11835,11890,11765,11840,123090,11840,310,61
20151126 10:52:20.000,11835,11890,11765,11840,123090,11840,311,61
20151126 10:52:27.000,11835,11890,11765,11840,123092,11840,311,60
20151126 10:52:28.000,11835,11890,11765,11840,123092,11840,311,62
20151126 10:52:29.000,11835,11890,11765,11840,123096,11835,309,62
20151126 10:52:30.000,11835,11890,11765,11840,123096,11835,309,63
20151126 10:52:30.000,11835,11890,11765,11840,123108,11840,308,57
20151126 10:52:35.000,11835,11890,11765,11840,123108,11840,307,56
20151126 10:52:35.000,11835,11890,11765,11840,123148,11835,287,56
20151126 10:52:39.000,11835,11890,11765,11840,123148,11835,285,82
20151126 10:52:50.000,11835,11890,11765,11840,123148,11835,285,83
20151126 10:52:53.000,11835,11890,11765,11840,123148,11835,285,81
20151126 10:52:55.000,11835,11890,11765,11840,123152,11835,283,101
20151126 10:53:03.000,11835,11890,11765,11840,123154,11835,282,101
20151126 10:54:19.000,11835,11890,11765,11840,123484,11835,301,93
20151126 10:54:29.000,11835,11890,11765,11840,123492,11835,303,91
20151126 10:54:30.000,11835,11890,11765,11840,123492,11835,313,91
20151126 10:54:31.000,11835,11890,11765,11840,123494,11835,312,91
20151126 10:54:31.000,11835,11890,11765,11840,123554,11840,312,74
20151126 10:54:32.000,11835,11890,11765,11840,123608,11840,311,48
20151126 10:54:33.000,11835,11890,11765,11840,123608,11840,311,50
20151126 10:54:35.000,11835,11890,11765,11840,123608,11840,311,52
20151126 10:54:36.000,11835,11890,11765,11840,123608,11840,311,54
20151126 10:54:38.000,11835,11890,11765,11840,123608,11840,312,64
20151126 10:54:39.000,11835,11890,11765,11840,123608,11840,312,65
20151126 10:54:40.000,11835,11890,11765,11840,123608,11840,312,66
20151126 10:54:42.000,11835,11890,11765,11840,123610,11835,311,70
20151126 10:54:46.000,11835,11890,11765,11840,123610,11835,312,70
20151126 10:54:47.000,11835,11890,11765,11840,123610,11835,307,70
20151126 10:54:49.000,11835,11890,11765,11840,123610,11835,317,70
20151126 10:54:50.000,11835,11890,11765,11840,123614,11840,316,71
20151126 10:54:53.000,11835,11890,11765,11840,123614,11840,316,72
20151126 10:54:56.000,11835,11890,11765,11840,123616,11840,316,71
20151126 10:54:59.000,11835,11890,11765,11840,123636,11840,316,61
20151126 10:55:00.000,11835,11890,11765,11840,123636,11840,317,41
20151126 10:55:04.000,11835,11890,11765,11840,123636,11840,318,41
20151126 10:55:04.000,11835,11890,11765,11840,123642,11835,315,41
20151126 10:55:06.000,11835,11890,11765,11840,123646,11835,313,41
20151126 10:55:09.000,11835,11890,11765,11840,123646,11835,313,56
20151126 10:55:10.000,11835,11890,11765,11840,123648,11835,312,56
20151126 10:55:12.000,11835,11890,11765,11840,123648,11835,313,62
20151126 10:55:16.000,11835,11890,11765,11840,123648,11835,314,62
20151126 10:55:19.000,11835,11890,11765,11840,123648,11835,314,64
20151126 10:55:20.000,11835,11890,11765,11840,123648,11835,334,64
20151126 10:55:21.000,11835,11890,11765,11840,123650,11835,333,64
20151126 10:55:24.000,11835,11890,11765,11840,123652,11835,332,64
20151126 10:55:25.000,11835,11890,11765,11840,123654,11835,331,64
20151126 10:55:29.000,11835,11890,11765,11840,123654,11835,330,64
20151126 10:55:29.000,11835,11890,11765,11840,123658,11835,328,64
20151126 10:55:31.000,11835,11890,11765,11840,123658,11835,328,67
20151126 10:55:32.000,11835,11890,11765,11840,123658,11835,328,66
20151126 10:55:40.000,11835,11890,11765,11840,123668,11835,323,66
20151126 10:55:40.000,11835,11890,11765,11840,123670,11835,322,66
20151126 10:55:41.000,11835,11890,11765,11840,123670,11835,322,71
20151126 10:55:48.000,11835,11890,11765,11840,123670,11835,322,72
20151126 10:55:52.000,11835,11890,11765,11840,123670,11835,323,72
20151126 10:55:53.000,11835,11890,11765,11840,123670,11835,323,77
20151126 10:56:00.000,11835,11890,11765,11840,123672,11840,323,76
20151126 10:56:05.000,11835,11890,11765,11840,123672,11840,322,76
20151126 10:56:10.000,11835,11890,11765,11840,123674,11835,321,76
20151126 10:56:13.000,11835,11890,11765,11840,123676,11840,321,75
20151126 10:56:18.000,11835,11890,11765,11840,123676,11840,321,72
20151126 10:56:21.000,11835,11890,11765,11840,123676,11840,322,72
20151126 10:56:26.000,11835,11890,11765,11840,123676,11840,323,72
20151126 10:56:29.000,11835,11890,11765,11840,123680,11835,321,72
20151126 10:56:33.000,11835,11890,11765,11840,123682,11840,321,71
20151126 10:56:38.000,11835,11890,11765,11840,123682,11840,321,72
20151126 10:56:43.000,11835,11890,11765,11840,123682,11840,322,72
20151126 10:56:46.000,11835,11890,11765,11840,123688,11840,322,69
20151126 10:56:49.000,11835,11890,11765,11840,123688,11840,323,69
20151126 10:56:53.000,11835,11890,11765,11840,123688,11840,324,69
20151126 10:56:56.000,11835,11890,11765,11840,123690,11840,324,68
20151126 10:57:04.000,11835,11890,11765,11840,123730,11840,324,48
20151126 10:57:07.000,11835,11890,11765,11840,123730,11840,323,48
20151126 10:57:10.000,11835,11890,11765,11840,123730,11840,322,48
20151126 10:57:10.000,11835,11890,11765,11840,123732,11840,322,47
20151126 10:57:10.000,11835,11890,11765,11840,123734,11835,321,47
20151126 10:57:11.000,11835,11890,11765,11840,123734,11835,322,47
20151126 10:57:12.000,11835,11890,11765,11840,123736,11840,322,46
20151126 10:57:13.000,11835,11890,11765,11840,123738,11840,322,45
20151126 10:57:16.000,11835,11890,11765,11840,123738,11840,323,39
20151126 10:57:16.000,11835,11890,11765,11840,123740,11840,323,38
20151126 10:57:17.000,11835,11890,11765,11840,123740,11840,323,39
20151126 10:57:20.000,11835,11890,11765,11840,123740,11840,324,39
20151126 10:57:24.000,11835,11890,11765,11840,123750,11840,324,34
20151126 10:57:29.000,11835,11890,11765,11840,123754,11835,322,34
20151126 10:57:31.000,11835,11890,11765,11840,123754,11835,331,36
20151126 10:57:32.000,11835,11890,11765,11840,123762,11840,331,32
20151126 10:57:38.000,11835,11890,11765,11840,123764,11835,330,32
20151126 10:57:43.000,11835,11890,11765,11840,123764,11835,330,35
20151126 10:57:44.000,11835,11890,11765,11840,123768,11840,330,33
20151126 10:57:48.000,11835,11890,11765,11840,123768,11840,330,34
20151126 10:57:49.000,11835,11890,11765,11840,123768,11840,329,34
20151126 10:57:53.000,11835,11890,11765,11840,123768,11840,329,35
20151126 10:58:02.000,11835,11890,11765,11840,123768,11840,329,40
20151126 10:58:05.000,11835,11890,11765,11840,123768,11840,334,40
20151126 10:58:05.000,11835,11890,11765,11840,123770,11835,333,40
20151126 10:58:10.000,11835,11890,11765,11840,123772,11835,332,40
20151126 10:58:11.000,11835,11890,11765,11840,123776,11840,332,38
20151126 10:58:12.000,11835,11890,11765,11840,123778,11835,331,38
20151126 10:58:13.000,11835,11890,11765,11840,123786,11840,331,34
20151126 10:58:17.000,11835,11890,11765,11840,123786,11840,326,34
20151126 10:58:21.000,11835,11890,11765,11840,123790,11840,326,32
20151126 10:58:23.000,11835,11890,11765,11840,123792,11840,326,31
20151126 10:58:23.000,11835,11890,11765,11840,123794,11840,326,30
20151126 10:58:26.000,11835,11890,11765,11840,123804,11840,326,25
20151126 10:58:27.000,11835,11890,11765,11840,123806,11840,326,24
20151126 10:58:28.000,11835,11890,11765,11840,123846,11840,306,4
20151126 10:58:29.000,11835,11890,11765,11840,123854,11840,306,4
20151126 10:58:29.000,11835,11890,11765,11840,123858,11835,304,22
20151126 10:58:34.000,11835,11890,11765,11840,123858,11835,305,22
20151126 10:58:38.000,11835,11890,11765,11840,123860,11840,305,21
20151126 10:58:51.000,11835,11890,11765,11840,123860,11840,295,21
20151126 10:58:52.000,11835,11890,11765,11840,123864,11835,293,21
20151126 10:58:54.000,11835,11890,11765,11840,123864,11835,294,21
20151126 10:59:08.000,11835,11890,11765,11840,123870,11835,291,21
20151126 10:59:10.000,11835,11890,11765,11840,123872,11840,292,20
20151126 10:59:10.000,11835,11890,11765,11840,123884,11835,291,20
20151126 10:59:14.000,11835,11890,11765,11840,123892,11840,291,16
20151126 10:59:15.000,11835,11890,11765,11840,123892,11840,291,17
20151126 10:59:20.000,11835,11890,11765,11840,123892,11840,292,17
20151126 10:59:22.000,11835,11890,11765,11840,123894,11835,290,17
20151126 10:59:22.000,11835,11890,11765,11840,123896,11840,290,16
20151126 10:59:24.000,11835,11890,11765,11840,123916,11840,290,6
20151126 10:59:28.000,11835,11890,11765,11840,123916,11840,289,6
20151126 10:59:29.000,11835,11890,11765,11840,123916,11840,289,14
20151126 10:59:29.000,11835,11890,11765,11840,123920,11835,287,14
20151126 10:59:31.000,11835,11890,11765,11840,123920,11835,289,14
20151126 10:59:33.000,11835,11890,11765,11840,123920,11835,285,16
20151126 10:59:37.000,11835,11890,11765,11840,123920,11835,286,16
20151126 10:59:45.000,11835,11890,11765,11840,123920,11835,286,15
20151126 10:59:55.000,11835,11890,11765,11840,123942,11840,282,8
20151126 10:59:56.000,11840,11890,11765,11845,123972,11840,8,308
20151126 10:59:56.000,11840,11890,11765,11845,123974,11845,8,307
20151126 11:00:00.000,11840,11890,11765,11845,123974,11845,8,306
20151126 11:00:01.000,11840,11890,11765,11845,123982,11845,43,312
20151126 11:00:01.000,11840,11890,11765,11845,123998,11840,43,305
20151126 11:00:01.000,11840,11890,11765,11845,124000,11840,42,305
20151126 11:00:03.000,11840,11890,11765,11845,124004,11845,42,313
20151126 11:00:03.000,11840,11890,11765,11845,124014,11840,37,308
20151126 11:00:03.000,11840,11890,11765,11845,124054,11845,37,295
20151126 11:00:05.000,11840,11890,11765,11845,124054,11845,37,293
20151126 11:00:09.000,11840,11890,11765,11845,124054,11845,40,293
20151126 11:00:10.000,11840,11890,11765,11845,124062,11845,42,289
20151126 11:00:11.000,11840,11890,11765,11845,124064,11840,11,289
20151126 11:00:13.000,11840,11890,11765,11845,124064,11840,12,289
20151126 11:00:15.000,11840,11890,11765,11845,124080,11840,4,289
20151126 11:00:17.000,11840,11890,11765,11845,124082,11845,5,288
20151126 11:00:18.000,11840,11890,11765,11845,124082,11845,6,288
20151126 11:00:21.000,11840,11890,11765,11845,124084,11840,5,288
20151126 11:00:25.000,11840,11890,11765,11845,124084,11840,7,288
20151126 11:00:28.000,11840,11890,11765,11845,124084,11840,8,288
20151126 11:00:29.000,11840,11890,11765,11845,124088,11840,6,288
20151126 11:00:30.000,11840,11890,11765,11845,124092,11840,4,288
20151126 11:00:31.000,11840,11890,11765,11845,124092,11840,5,288
20151126 11:00:33.000,11835,11890,11765,11840,124102,11840,282,45
20151126 11:00:34.000,11835,11890,11765,11840,124102,11840,282,46
20151126 11:00:35.000,11835,11890,11765,11840,124102,11840,282,49
20151126 11:00:42.000,11835,11890,11765,11840,124102,11840,282,50
20151126 11:00:44.000,11835,11890,11765,11840,124104,11840,282,53
20151126 11:00:45.000,11835,11890,11765,11840,124104,11840,282,59
20151126 11:00:46.000,11835,11890,11765,11840,124114,11840,282,54
20151126 11:00:47.000,11835,11890,11765,11840,124114,11840,282,60
20151126 11:00:50.000,11835,11890,11765,11840,124114,11840,282,54
20151126 11:00:51.000,11835,11890,11765,11840,124118,11840,282,52
20151126 11:00:54.000,11835,11890,11765,11840,124130,11840,282,46
20151126 11:00:56.000,11835,11890,11765,11840,124130,11840,282,47
20151126 11:00:58.000,11835,11890,11765,11840,124130,11840,282,48
20151126 11:01:00.000,11835,11890,11765,11840,124134,11840,283,46
20151126 11:01:00.000,11835,11890,11765,11840,124144,11835,278,46
20151126 11:01:05.000,11835,11890,11765,11840,124144,11835,278,66
20151126 11:01:06.000,11835,11890,11765,11840,124144,11835,279,74
20151126 11:01:08.000,11835,11890,11765,11840,124144,11835,279,75
20151126 11:01:09.000,11835,11890,11765,11840,124144,11835,278,75
20151126 11:01:11.000,11835,11890,11765,11840,124146,11835,277,75
20151126 11:01:11.000,11835,11890,11765,11840,124202,11835,249,75
20151126 11:01:12.000,11835,11890,11765,11840,124202,11835,249,81
20151126 11:01:15.000,11835,11890,11765,11840,124202,11835,249,83
20151126 11:01:18.000,11835,11890,11765,11840,124202,11835,249,80
20151126 11:01:20.000,11835,11890,11765,11840,124208,11835,246,80
20151126 11:01:22.000,11835,11890,11765,11840,124208,11835,246,81
20151126 11:01:27.000,11835,11890,11765,11840,124208,11835,246,82
20151126 11:01:27.000,11835,11890,11765,11840,124210,11835,245,82
20151126 11:01:29.000,11835,11890,11765,11840,124214,11835,243,82
20151126 11:01:30.000,11835,11890,11765,11840,124214,11835,243,84
20151126 11:01:34.000,11835,11890,11765,11840,124214,11835,243,83
20151126 11:01:35.000,11835,11890,11765,11840,124216,11835,242,83
20151126 11:01:39.000,11835,11890,11765,11840,124216,11835,242,82
20151126 11:01:40.000,11835,11890,11765,11840,124216,11835,242,81
20151126 11:01:42.000,11835,11890,11765,11840,124216,11835,242,82
20151126 11:01:46.000,11835,11890,11765,11840,124218,11835,241,76
20151126 11:01:47.000,11835,11890,11765,11840,124218,11835,241,85
20151126 11:01:50.000,11835,11890,11765,11840,124218,11835,241,86
20151126 11:01:58.000,11835,11890,11765,11840,124220,11835,239,86
20151126 11:01:59.000,11835,11890,11765,11840,124226,11835,236,86
20151126 11:02:10.000,11835,11890,11765,11840,124232,11840,236,83
20151126 11:02:10.000,11835,11890,11765,11840,124234,11840,236,92
20151126 11:02:10.000,11835,11890,11765,11840,124236,11835,235,92
20151126 11:02:16.000,11835,11890,11765,11840,124236,11835,235,94
20151126 11:02:22.000,11835,11890,11765,11840,124236,11835,234,94
20151126 11:02:29.000,11835,11890,11765,11840,124236,11835,237,94
20151126 11:02:31.000,11835,11890,11765,11840,124236,11835,237,98
20151126 11:02:40.000,11835,11890,11765,11840,124236,11835,238,118
20151126 11:02:41.000,11835,11890,11765,11840,124242,11835,235,118
20151126 11:02:44.000,11835,11890,11765,11840,124242,11835,235,119
20151126 11:02:45.000,11835,11890,11765,11840,124242,11835,235,123
20151126 11:02:47.000,11835,11890,11765,11840,124242,11835,235,119
20151126 11:02:48.000,11835,11890,11765,11840,124242,11835,235,110
20151126 11:02:50.000,11835,11890,11765,11840,124246,11835,233,111
20151126 11:02:50.000,11835,11890,11765,11840,124254,11835,229,111
20151126 11:02:51.000,11835,11890,11765,11840,124254,11835,229,116
20151126 11:02:56.000,11835,11890,11765,11840,124254,11835,228,116
20151126 11:02:59.000,11835,11890,11765,11840,124254,11835,229,116
20151126 11:03:01.000,11840,11890,11765,11845,124486,11840,85,259
20151126 11:03:10.000,11840,11890,11765,11845,124498,11840,79,259
20151126 11:03:10.000,11840,11890,11765,11845,124500,11840,78,259
20151126 11:03:11.000,11840,11890,11765,11845,124502,11840,77,259
20151126 11:03:13.000,11840,11890,11765,11845,124504,11840,76,259
20151126 11:03:17.000,11840,11890,11765,11845,124524,11840,66,259
20151126 11:03:18.000,11840,11890,11765,11845,124524,11840,66,260
20151126 11:03:20.000,11840,11890,11765,11845,124532,11840,62,260
20151126 11:03:20.000,11840,11890,11765,11845,124544,11840,56,260
20151126 11:03:20.000,11840,11890,11765,11845,124546,11840,55,260
20151126 11:03:25.000,11840,11890,11765,11845,124546,11840,56,260
20151126 11:03:25.000,11840,11890,11765,11845,124548,11840,55,260
20151126 11:03:29.000,11840,11890,11765,11845,124588,11840,35,260
20151126 11:03:30.000,11840,11890,11765,11845,124598,11840,34,260
20151126 11:03:32.000,11840,11890,11765,11845,124600,11840,33,261
20151126 11:03:32.000,11840,11890,11765,11845,124604,11840,31,261
20151126 11:03:34.000,11840,11890,11765,11845,124616,11840,25,261
20151126 11:03:36.000,11840,11890,11765,11845,124632,11840,17,261
20151126 11:03:37.000,11835,11890,11765,11840,124668,11840,262,39
20151126 11:03:40.000,11835,11890,11765,11840,124668,11840,262,45
20151126 11:03:42.000,11835,11890,11765,11840,124668,11840,262,53
20151126 11:03:43.000,11835,11890,11765,11840,124674,11840,262,50
20151126 11:03:44.000,11835,11890,11765,11840,124674,11840,262,52
20151126 11:03:46.000,11835,11890,11765,11840,124676,11840,261,51
20151126 11:03:48.000,11835,11890,11765,11840,124676,11840,262,51
20151126 11:03:52.000,11835,11890,11765,11840,124682,11840,262,50
20151126 11:03:55.000,11835,11890,11765,11840,124682,11840,262,52
20151126 11:03:56.000,11835,11890,11765,11840,124688,11840,262,49
20151126 11:04:01.000,11835,11890,11765,11840,124694,11840,262,46
20151126 11:04:03.000,11835,11890,11765,11840,124694,11840,262,47
20151126 11:04:10.000,11835,11890,11765,11840,124694,11840,263,47
20151126 11:04:20.000,11835,11890,11765,11840,124694,11840,264,47
20151126 11:04:23.000,11835,11890,11765,11840,124696,11840,263,46
20151126 11:04:27.000,11835,11890,11765,11840,124704,11840,263,42
20151126 11:04:33.000,11835,11890,11765,11840,124722,11835,257,21
20151126 11:04:36.000,11835,11890,11765,11840,124722,11835,257,22
20151126 11:04:52.000,11835,11890,11765,11840,124722,11835,257,23
20151126 11:04:53.000,11835,11890,11765,11840,124722,11835,257,23
20151126 11:04:56.000,11835,11890,11765,11840,124722,11835,257,24
20151126 11:04:57.000,11835,11890,11765,11840,124742,11840,257,14
20151126 11:05:00.000,11835,11890,11765,11840,124742,11840,257,17
20151126 11:05:01.000,11835,11890,11765,11840,124744,11840,257,16
20151126 11:05:05.000,11835,11890,11765,11840,124744,11840,258,16
20151126 11:05:09.000,11835,11890,11765,11840,124748,11840,258,14
20151126 11:05:15.000,11835,11890,11765,11840,124748,11840,258,15
20151126 11:05:22.000,11835,11890,11765,11840,124748,11840,258,17
20151126 11:05:25.000,11835,11890,11765,11840,124750,11840,258,16
20151126 11:05:27.000,11835,11890,11765,11840,124752,11835,257,16
20151126 11:05:31.000,11835,11890,11765,11840,124752,11835,257,18
20151126 11:05:32.000,11835,11890,11765,11840,124754,11840,257,17
20151126 11:05:37.000,11835,11890,11765,11840,124754,11840,259,17
20151126 11:05:45.000,11835,11890,11765,11840,124754,11840,258,17
20151126 11:05:47.000,11835,11890,11765,11840,124754,11840,259,17
20151126 11:05:48.000,11835,11890,11765,11840,124758,11840,259,15
20151126 11:05:50.000,11835,11890,11765,11840,124760,11835,258,15
20151126 11:05:51.000,11840,11890,11765,11845,124790,11840,9,261
20151126 11:05:52.000,11840,11890,11765,11845,124790,11840,70,261
20151126 11:05:53.000,11840,11890,11765,11845,124800,11845,71,256
20151126 11:05:54.000,11840,11890,11765,11845,124800,11845,72,256
20151126 11:05:55.000,11840,11890,11765,11845,124802,11840,71,256
20151126 11:06:01.000,11840,11890,11765,11845,124810,11840,69,254
20151126 11:06:05.000,11840,11890,11765,11845,124814,11840,72,254
20151126 11:06:13.000,11840,11890,11765,11845,124814,11840,73,255
20151126 11:06:14.000,11840,11890,11765,11845,124824,11840,68,255
20151126 11:06:15.000,11840,11890,11765,11845,124824,11840,33,255
20151126 11:06:16.000,11840,11890,11765,11845,124824,11840,33,259
20151126 11:06:17.000,11840,11890,11765,11845,124826,11840,32,259
20151126 11:06:17.000,11840,11890,11765,11845,124866,11845,67,239
20151126 11:06:18.000,11840,11890,11765,11845,124868,11845,67,238
20151126 11:06:18.000,11840,11890,11765,11845,124878,11840,62,237
20151126 11:06:19.000,11840,11890,11765,11845,124878,11840,64,237
20151126 11:06:23.000,11840,11890,11765,11845,124884,11845,65,233
20151126 11:06:25.000,11840,11890,11765,11845,124886,11845,65,232
20151126 11:06:26.000,11840,11890,11765,11845,124888,11840,64,232
20151126 11:06:26.000,11840,11890,11765,11845,124890,11840,63,232
20151126 11:06:34.000,11840,11890,11765,11845,124890,11840,63,233
20151126 11:06:35.000,11840,11890,11765,11845,124892,11845,63,232
20151126 11:06:40.000,11840,11890,11765,11845,124892,11845,67,232
20151126 11:06:44.000,11840,11890,11765,11845,124894,11845,67,231
20151126 11:06:45.000,11840,11890,11765,11845,124894,11845,65,231
20151126 11:06:47.000,11840,11890,11765,11845,124894,11845,65,232
20151126 11:06:50.000,11840,11890,11765,11845,124894,11845,68,231
20151126 11:06:54.000,11840,11890,11765,11845,124896,11845,67,230
20151126 11:06:58.000,11840,11890,11765,11845,124898,11845,67,229
20151126 11:06:59.000,11840,11890,11765,11845,124898,11845,68,229
20151126 11:07:01.000,11840,11890,11765,11845,124900,11845,68,228
20151126 11:07:02.000,11840,11890,11765,11845,124910,11840,63,228
20151126 11:07:03.000,11840,11890,11765,11845,124910,11840,64,228
20151126 11:07:09.000,11840,11890,11765,11845,124912,11845,65,227
20151126 11:07:14.000,11840,11890,11765,11845,124914,11845,30,226
20151126 11:07:15.000,11840,11890,11765,11845,124916,11840,65,226
20151126 11:07:15.000,11840,11890,11765,11845,124920,11845,65,224
20151126 11:07:17.000,11840,11890,11765,11845,124920,11845,66,224
20151126 11:07:19.000,11840,11890,11765,11845,124920,11845,66,225
20151126 11:07:19.000,11840,11890,11765,11845,124922,11845,67,224
20151126 11:07:21.000,11840,11890,11765,11845,124922,11845,67,225
20151126 11:07:22.000,11840,11890,11765,11845,124924,11845,67,224
20151126 11:07:23.000,11840,11890,11765,11845,124924,11845,77,224
20151126 11:07:24.000,11840,11890,11765,11845,124926,11845,77,223
20151126 11:07:25.000,11840,11890,11765,11845,124928,11840,76,223
20151126 11:07:26.000,11840,11890,11765,11845,124930,11845,81,222
20151126 11:07:28.000,11840,11890,11765,11845,124932,11845,81,221
20151126 11:07:30.000,11840,11890,11765,11845,124936,11840,79,221
20151126 11:07:31.000,11840,11890,11765,11845,124936,11840,44,221
20151126 11:07:32.000,11840,11890,11765,11845,124938,11845,44,220
20151126 11:07:34.000,11840,11890,11765,11845,124938,11845,48,220
20151126 11:07:35.000,11840,11890,11765,11845,124940,11845,70,219
20151126 11:07:36.000,11840,11890,11765,11845,124940,11845,130,219
20151126 11:07:38.000,11840,11890,11765,11845,124940,11845,130,220
20151126 11:07:40.000,11840,11890,11765,11845,124940,11845,131,220
20151126 11:07:42.000,11840,11890,11765,11845,124940,11845,132,220
20151126 11:07:43.000,11840,11890,11765,11845,124942,11840,136,220
20151126 11:07:44.000,11840,11890,11765,11845,124942,11840,156,220
20151126 11:07:46.000,11840,11890,11765,11845,124942,11840,157,220
20151126 11:07:49.000,11840,11890,11765,11845,124942,11840,157,216
20151126 11:07:54.000,11840,11890,11765,11845,124942,11840,157,218
20151126 11:07:54.000,11840,11890,11765,11845,124944,11845,157,217
20151126 11:08:03.000,11840,11890,11765,11845,124944,11845,158,217
20151126 11:08:07.000,11840,11890,11765,11845,124944,11845,161,217
20151126 11:08:07.000,11840,11890,11765,11845,124950,11845,160,215
20151126 11:08:08.000,11840,11890,11765,11845,124950,11845,161,215
20151126 11:08:08.000,11840,11890,11765,11845,124952,11845,161,214
20151126 11:08:10.000,11840,11890,11765,11845,124952,11845,170,214
20151126 11:08:13.000,11840,11890,11765,11845,124952,11845,171,214
20151126 11:08:18.000,11840,11890,11765,11845,125032,11840,146,214
20151126 11:08:20.000,11840,11890,11765,11845,125034,11845,111,213
20151126 11:08:22.000,11840,11890,11765,11845,125036,11840,110,213
20151126 11:08:27.000,11840,11890,11765,11845,125036,11840,115,213
20151126 11:08:31.000,11840,11890,11765,11845,125036,11840,151,213
20151126 11:08:32.000,11840,11890,11765,11845,125036,11840,146,213
20151126 11:08:38.000,11840,11890,11765,11845,125036,11840,143,213
20151126 11:08:40.000,11840,11890,11765,11845,125036,11840,144,213
20151126 11:08:45.000,11840,11890,11765,11845,125036,11840,146,213
20151126 11:08:49.000,11840,11890,11765,11845,125036,11840,148,213
20151126 11:08:50.000,11840,11890,11765,11845,125038,11845,148,212
20151126 11:08:53.000,11840,11890,11765,11845,125038,11845,149,212
20151126 11:08:57.000,11840,11890,11765,11845,125040,11845,154,211
20151126 11:08:58.000,11840,11890,11765,11845,125042,11845,155,210
20151126 11:08:59.000,11840,11890,11765,11845,125042,11845,167,210
20151126 11:09:00.000,11840,11890,11765,11845,125042,11845,193,210
20151126 11:09:03.000,11840,11890,11765,11845,125042,11845,202,210
20151126 11:09:04.000,11840,11890,11765,11845,125042,11845,207,210
20151126 11:09:06.000,11840,11890,11765,11845,125050,11840,203,210
20151126 11:09:07.000,11840,11890,11765,11845,125050,11840,203,214
20151126 11:09:14.000,11840,11890,11765,11845,125050,11840,203,215
20151126 11:09:15.000,11840,11890,11765,11845,125050,11840,168,215
20151126 11:09:18.000,11840,11890,11765,11845,125052,11845,168,214
20151126 11:09:19.000,11840,11890,11765,11845,125052,11845,220,214
20151126 11:09:25.000,11840,11890,11765,11845,125052,11845,220,215
20151126 11:09:26.000,11840,11890,11765,11845,125052,11845,220,213
20151126 11:09:29.000,11840,11890,11765,11845,125060,11845,220,209
20151126 11:09:30.000,11840,11890,11765,11845,125060,11845,231,209
20151126 11:09:30.000,11840,11890,11765,11845,125062,11845,242,208
20151126 11:09:30.000,11840,11890,11765,11845,125070,11840,238,208
20151126 11:09:31.000,11840,11890,11765,11845,125070,11840,246,208
20151126 11:09:32.000,11840,11890,11765,11845,125070,11840,247,208
20151126 11:09:33.000,11840,11890,11765,11845,125070,11840,267,210
20151126 11:09:34.000,11840,11890,11765,11845,125070,11840,267,212
20151126 11:09:35.000,11840,11890,11765,11845,125070,11840,271,210
20151126 11:09:39.000,11840,11890,11765,11845,125072,11840,270,208
20151126 11:09:42.000,11840,11890,11765,11845,125076,11845,270,206
20151126 11:09:45.000,11840,11890,11765,11845,125076,11845,268,206
20151126 11:09:45.000,11840,11890,11765,11845,125082,11845,268,203
20151126 11:09:46.000,11840,11890,11765,11845,125082,11845,273,203
20151126 11:09:47.000,11840,11890,11765,11845,125084,11840,272,203
20151126 11:09:50.000,11840,11890,11765,11845,125098,11845,272,196
20151126 11:09:53.000,11840,11890,11765,11845,125100,11845,272,195
20151126 11:09:54.000,11840,11890,11765,11845,125100,11845,277,195
20151126 11:09:57.000,11840,11890,11765,11845,125100,11845,283,195
20151126 11:09:59.000,11840,11890,11765,11845,125104,11845,283,193
20151126 11:10:01.000,11840,11890,11765,11845,125104,11845,285,193
20151126 11:10:02.000,11845,11890,11765,11850,125490,11845,116,337
20151126 11:10:03.000,11845,11890,11765,11850,125490,11845,156,337
20151126 11:10:07.000,11845,11890,11765,11850,125490,11845,164,337
20151126 11:10:08.000,11845,11890,11765,11850,125490,11845,169,337
20151126 11:10:17.000,11845,11890,11765,11850,125492,11845,173,337
20151126 11:10:18.000,11845,11890,11765,11850,125492,11845,167,337
20151126 11:10:19.000,11845,11890,11765,11850,125492,11845,168,337
20151126 11:10:20.000,11845,11890,11765,11850,125492,11845,179,338
20151126 11:10:21.000,11845,11890,11765,11850,125492,11845,209,334
20151126 11:10:22.000,11845,11890,11765,11850,125492,11845,213,334
20151126 11:10:24.000,11845,11890,11765,11850,125492,11845,215,334
20151126 11:10:24.000,11845,11890,11765,11850,125494,11850,215,334
20151126 11:10:25.000,11845,11890,11765,11850,125494,11850,215,337
20151126 11:10:27.000,11845,11890,11765,11850,125496,11850,215,336
20151126 11:10:28.000,11845,11890,11765,11850,125498,11850,215,335
20151126 11:10:31.000,11845,11890,11765,11850,125498,11850,215,337
20151126 11:10:32.000,11845,11890,11765,11850,125500,11850,215,336
20151126 11:10:33.000,11845,11890,11765,11850,125500,11850,210,336
20151126 11:10:34.000,11845,11890,11765,11850,125500,11850,220,335
20151126 11:10:37.000,11845,11890,11765,11850,125500,11850,221,335
20151126 11:10:38.000,11845,11890,11765,11850,125510,11850,221,325
20151126 11:10:39.000,11845,11890,11765,11850,125510,11850,229,326
20151126 11:10:40.000,11845,11890,11765,11850,125512,11850,245,325
20151126 11:10:40.000,11845,11890,11765,11850,125518,11850,258,322
20151126 11:10:41.000,11845,11890,11765,11850,125518,11850,264,322
20151126 11:10:43.000,11845,11890,11765,11850,125520,11850,264,321
20151126 11:10:44.000,11845,11890,11765,11850,125520,11850,269,322
20151126 11:10:47.000,11845,11890,11765,11850,125530,11850,269,317
20151126 11:10:51.000,11845,11890,11765,11850,125530,11850,285,317
20151126 11:10:52.000,11845,11890,11765,11850,125530,11850,289,317
20151126 11:10:55.000,11845,11890,11765,11850,125538,11850,293,313
20151126 11:10:56.000,11845,11890,11765,11850,125538,11850,296,313
20151126 11:10:57.000,11845,11890,11765,11850,125538,11850,269,313
20151126 11:10:57.000,11845,11890,11765,11850,125542,11845,305,313
20151126 11:10:59.000,11845,11890,11765,11850,125542,11845,308,313
20151126 11:10:59.000,11845,11890,11765,11850,125550,11845,304,313
20151126 11:11:00.000,11845,11890,11765,11850,125552,11850,304,313
20151126 11:11:01.000,11845,11890,11765,11850,125552,11850,304,314
20151126 11:11:06.000,11845,11890,11765,11850,125612,11850,304,284
20151126 11:11:06.000,11845,11890,11765,11850,125614,11850,304,283
20151126 11:11:07.000,11845,11890,11765,11850,125686,11850,304,247
20151126 11:11:08.000,11845,11890,11765,11850,125690,11850,304,245
20151126 11:11:09.000,11845,11890,11765,11850,125690,11850,305,245
20151126 11:11:10.000,11845,11890,11765,11850,125692,11850,310,244
20151126 11:11:11.000,11845,11890,11765,11850,125692,11850,319,264
20151126 11:11:12.000,11845,11890,11765,11850,125694,11850,319,263
20151126 11:11:16.000,11845,11890,11765,11850,125704,11850,319,258
20151126 11:11:17.000,11845,11890,11765,11850,125708,11850,319,256
20151126 11:11:18.000,11845,11890,11765,11850,125708,11850,329,256
20151126 11:11:20.000,11845,11890,11765,11850,125710,11850,329,255
20151126 11:11:23.000,11850,11890,11765,11855,126220,11850,23,262
20151126 11:11:24.000,11850,11890,11765,11855,126222,11850,73,262
20151126 11:11:25.000,11850,11890,11765,11855,126222,11850,110,258
20151126 11:11:26.000,11850,11890,11765,11855,126222,11850,115,258
20151126 11:11:27.000,11850,11890,11765,11855,126224,11855,116,257
20151126 11:11:27.000,11850,11890,11765,11855,126242,11855,116,248
20151126 11:11:29.000,11850,11890,11765,11855,126242,11855,121,248
20151126 11:11:30.000,11850,11890,11765,11855,126244,11855,124,247
20151126 11:11:31.000,11850,11890,11765,11855,126244,11855,124,244
20151126 11:11:32.000,11850,11890,11765,11855,126244,11855,130,244
20151126 11:11:33.000,11850,11890,11765,11855,126248,11850,129,244
20151126 11:11:35.000,11850,11890,11765,11855,126252,11850,127,244
20151126 11:11:37.000,11850,11890,11765,11855,126256,11855,128,245
20151126 11:11:39.000,11850,11890,11765,11855,126256,11855,131,245
20151126 11:11:41.000,11850,11890,11765,11855,126256,11855,131,244
20151126 11:11:42.000,11850,11890,11765,11855,126256,11855,131,248
20151126 11:11:44.000,11850,11890,11765,11855,126256,11855,132,248
20151126 11:11:45.000,11850,11890,11765,11855,126272,11855,132,240
20151126 11:11:46.000,11850,11890,11765,11855,126272,11855,136,236
20151126 11:11:48.000,11850,11890,11765,11855,126274,11855,136,235
20151126 11:11:49.000,11850,11890,11765,11855,126274,11855,138,235
20151126 11:11:51.000,11850,11890,11765,11855,126276,11855,138,234
20151126 11:11:53.000,11850,11890,11765,11855,126276,11855,140,234
20151126 11:11:58.000,11850,11890,11765,11855,126278,11855,141,233
20151126 11:11:59.000,11850,11890,11765,11855,126278,11855,141,234
20151126 11:11:59.000,11850,11890,11765,11855,126280,11855,141,233
20151126 11:12:00.000,11850,11890,11765,11855,126284,11855,141,231
20151126 11:12:01.000,11850,11890,11765,11855,126286,11855,141,230
20151126 11:12:01.000,11850,11890,11765,11855,126294,11855,138,229
20151126 11:12:03.000,11850,11890,11765,11855,126294,11855,138,231
20151126 11:12:06.000,11850,11890,11765,11855,126294,11855,138,236
20151126 11:12:09.000,11850,11890,11765,11855,126296,11850,102,236
20151126 11:12:11.000,11850,11890,11765,11855,126298,11855,137,235
20151126 11:12:11.000,11850,11890,11765,11855,126304,11855,134,232
20151126 11:12:13.000,11850,11890,11765,11855,126304,11855,134,235
20151126 11:12:16.000,11850,11890,11765,11855,126304,11855,139,235
20151126 11:12:17.000,11850,11890,11765,11855,126304,11855,140,235
20151126 11:12:18.000,11850,11890,11765,11855,126318,11855,144,229
20151126 11:12:21.000,11850,11890,11765,11855,126318,11855,145,229
20151126 11:12:22.000,11850,11890,11765,11855,126318,11855,145,230
20151126 11:12:23.000,11850,11890,11765,11855,126320,11855,145,229
20151126 11:12:25.000,11850,11890,11765,11855,126322,11850,109,229
20151126 11:12:26.000,11850,11890,11765,11855,126322,11850,110,230
20151126 11:12:29.000,11850,11890,11765,11855,126326,11850,108,230
20151126 11:12:31.000,11850,11890,11765,11855,126328,11850,107,230
20151126 11:12:33.000,11850,11890,11765,11855,126328,11850,142,234
20151126 11:12:33.000,11850,11890,11765,11855,126330,11850,141,234
20151126 11:12:34.000,11850,11890,11765,11855,126330,11850,177,234
20151126 11:12:37.000,11845,11890,11765,11850,126684,11850,287,24
20151126 11:12:39.000,11845,11890,11765,11850,126686,11850,287,23
20151126 11:12:39.000,11845,11890,11765,11850,126694,11845,283,58
20151126 11:12:40.000,11845,11890,11765,11850,126694,11845,283,59
20151126 11:12:41.000,11845,11890,11765,11850,126698,11845,282,58
20151126 11:12:43.000,11845,11890,11765,11850,126698,11845,282,59
20151126 11:12:43.000,11845,11890,11765,11850,126712,11850,280,52
20151126 11:12:43.000,11845,11890,11765,11850,126716,11850,279,56
20151126 11:12:46.000,11845,11890,11765,11850,126718,11850,279,55
20151126 11:12:49.000,11845,11890,11765,11850,126724,11850,280,52
20151126 11:12:51.000,11845,11890,11765,11850,126734,11850,280,12
20151126 11:12:53.000,11845,11890,11765,11850,126734,11850,280,17
20151126 11:12:56.000,11850,11890,11765,11855,126768,11850,35,235
20151126 11:12:57.000,11850,11890,11765,11855,126768,11850,85,235
20151126 11:12:58.000,11850,11890,11765,11855,126776,11850,81,235
20151126 11:13:03.000,11850,11890,11765,11855,126776,11850,86,235
20151126 11:13:05.000,11850,11890,11765,11855,126776,11850,87,235
20151126 11:13:08.000,11850,11890,11765,11855,126778,11850,86,235
20151126 11:13:09.000,11850,11890,11765,11855,126778,11850,86,236
20151126 11:13:15.000,11850,11890,11765,11855,126778,11850,90,236
20151126 11:13:16.000,11850,11890,11765,11855,126788,11850,85,236
20151126 11:13:18.000,11850,11890,11765,11855,126788,11850,88,236
20151126 11:13:21.000,11845,11890,11765,11855,127188,11845,169,236
20151126 11:13:22.000,11850,11890,11765,11855,127188,11845,11,245
20151126 11:13:23.000,11850,11890,11765,11855,127188,11845,31,245
20151126 11:13:24.000,11850,11890,11765,11855,127188,11845,32,246
20151126 11:13:25.000,11850,11890,11765,11855,127188,11845,33,246
20151126 11:13:25.000,11850,11890,11765,11855,127208,11850,23,246
20151126 11:13:27.000,11850,11890,11765,11855,127208,11850,28,244
20151126 11:13:29.000,11850,11890,11765,11855,127258,11850,8,244
20151126 11:13:31.000,11850,11890,11765,11855,127268,11850,3,244
20151126 11:13:32.000,11850,11890,11765,11855,127270,11850,2,244
20151126 11:13:33.000,11850,11890,11765,11855,127272,11850,1,244
20151126 11:13:35.000,11845,11890,11765,11850,127274,11850,170,6
20151126 11:13:37.000,11845,11890,11765,11850,127274,11850,170,84
20151126 11:13:41.000,11845,11890,11765,11850,127274,11850,173,86
20151126 11:13:41.000,11845,11890,11765,11850,127276,11850,173,85
20151126 11:13:44.000,11845,11890,11765,11850,127282,11845,170,85
20151126 11:13:45.000,11845,11890,11765,11850,127282,11845,171,85
20151126 11:13:47.000,11845,11890,11765,11850,127282,11845,171,87
20151126 11:13:56.000,11845,11890,11765,11850,127286,11850,171,50
20151126 11:13:57.000,11845,11890,11765,11850,127288,11850,171,49
20151126 11:13:58.000,11845,11890,11765,11850,127290,11850,171,48
20151126 11:14:04.000,11845,11890,11765,11850,127290,11850,171,73
20151126 11:14:06.000,11845,11890,11765,11850,127290,11850,171,113
20151126 11:14:10.000,11845,11890,11765,11850,127290,11850,172,113
20151126 11:14:15.000,11845,11890,11765,11850,127292,11850,172,112
20151126 11:14:18.000,11845,11890,11765,11850,127298,11850,172,109
20151126 11:14:19.000,11845,11890,11765,11850,127298,11850,172,110
20151126 11:14:22.000,11845,11890,11765,11850,127298,11850,172,111
20151126 11:14:24.000,11845,11890,11765,11850,127298,11850,172,115
20151126 11:14:25.000,11845,11890,11765,11850,127298,11850,172,116
20151126 11:14:26.000,11845,11890,11765,11850,127302,11850,172,114
20151126 11:14:28.000,11845,11890,11765,11850,127304,11850,176,113
20151126 11:14:29.000,11845,11890,11765,11850,127380,11850,177,79
20151126 11:14:35.000,11845,11890,11765,11850,127380,11850,177,46
20151126 11:14:36.000,11845,11890,11765,11850,127382,11850,177,81
20151126 11:14:37.000,11845,11890,11765,11850,127382,11850,177,91
20151126 11:14:38.000,11845,11890,11765,11850,127382,11850,177,81
20151126 11:14:44.000,11845,11890,11765,11850,127384,11845,176,82
20151126 11:14:52.000,11845,11890,11765,11850,127386,11850,176,81
20151126 11:14:53.000,11845,11890,11765,11850,127386,11850,176,46
20151126 11:14:56.000,11845,11890,11765,11850,127386,11850,176,47
20151126 11:15:01.000,11845,11890,11765,11850,127386,11850,176,48
20151126 11:15:07.000,11845,11890,11765,11850,127390,11850,176,46
20151126 11:15:11.000,11845,11890,11765,11850,127390,11850,176,47
20151126 11:15:12.000,11845,11890,11765,11850,127392,11850,176,46
20151126 11:15:15.000,11845,11890,11765,11850,127392,11850,177,46
20151126 11:15:17.000,11845,11890,11765,11850,127392,11850,179,46
20151126 11:15:21.000,11845,11890,11765,11850,127392,11850,179,45
20151126 11:15:21.000,11845,11890,11765,11850,127394,11845,179,46
20151126 11:15:23.000,11845,11890,11765,11850,127396,11845,178,46
20151126 11:15:25.000,11845,11890,11765,11850,127396,11845,178,47
20151126 11:15:31.000,11845,11890,11765,11850,127396,11845,179,47
20151126 11:15:33.000,11845,11890,11765,11850,127400,11850,179,45
20151126 11:15:34.000,11845,11890,11765,11850,127400,11850,178,45
20151126 11:15:35.000,11845,11890,11765,11850,127402,11850,178,45
20151126 11:15:36.000,11845,11890,11765,11850,127402,11850,178,55
20151126 11:15:37.000,11845,11890,11765,11850,127402,11850,175,55
20151126 11:15:41.000,11845,11890,11765,11850,127402,11850,175,66
20151126 11:15:43.000,11845,11890,11765,11850,127402,11850,175,67
20151126 11:15:48.000,11845,11890,11765,11850,127402,11850,175,66
20151126 11:15:56.000,11845,11890,11765,11850,127408,11845,174,66
20151126 11:15:58.000,11845,11890,11765,11850,127412,11850,174,99
20151126 11:16:00.000,11845,11890,11765,11850,127464,11850,174,73
20151126 11:16:03.000,11845,11890,11765,11850,127468,11850,174,36
20151126 11:16:04.000,11845,11890,11765,11850,127468,11850,174,28
20151126 11:16:07.000,11845,11890,11765,11850,127468,11850,176,28
20151126 11:16:08.000,11845,11890,11765,11850,127470,11850,176,27
20151126 11:16:08.000,11845,11890,11765,11850,127474,11850,176,25
20151126 11:16:09.000,11845,11890,11765,11850,127474,11850,176,26
20151126 11:16:10.000,11845,11890,11765,11850,127478,11850,176,24
20151126 11:16:13.000,11845,11890,11765,11850,127478,11850,176,25
20151126 11:16:14.000,11845,11890,11765,11850,127482,11850,176,23
20151126 11:16:17.000,11845,11890,11765,11850,127484,11850,176,22
20151126 11:16:18.000,11845,11890,11765,11850,127486,11850,176,21
20151126 11:16:19.000,11845,11890,11765,11850,127488,11850,185,20
20151126 11:16:20.000,11845,11890,11765,11855,127528,11850,185,241
20151126 11:16:21.000,11850,11890,11765,11855,127528,11850,21,241
20151126 11:16:22.000,11850,11890,11765,11855,127538,11850,16,241
20151126 11:16:23.000,11850,11890,11765,11855,127540,11850,15,241
20151126 11:16:24.000,11850,11890,11765,11855,127540,11850,15,245
20151126 11:16:26.000,11850,11890,11765,11855,127542,11850,16,245
20151126 11:16:28.000,11850,11890,11765,11855,127550,11850,12,242
20151126 11:16:29.000,11850,11890,11765,11855,127550,11850,12,244
20151126 11:16:30.000,11850,11890,11765,11855,127552,11850,11,244
20151126 11:16:34.000,11850,11890,11765,11855,127556,11855,11,242
20151126 11:16:34.000,11850,11890,11765,11855,127558,11855,12,241
20151126 11:16:35.000,11850,11890,11765,11855,127562,11850,10,241
20151126 11:16:39.000,11850,11890,11765,11855,127566,11855,11,239
20151126 11:16:39.000,11845,11890,11765,11850,127588,11850,216,40
20151126 11:16:40.000,11845,11890,11765,11850,127590,11850,216,39
20151126 11:16:42.000,11845,11890,11765,11850,127592,11850,216,38
20151126 11:16:42.000,11845,11890,11765,11850,127600,11850,216,34
20151126 11:16:45.000,11845,11890,11765,11850,127602,11850,216,33
20151126 11:16:49.000,11845,11890,11765,11850,127604,11850,216,36
20151126 11:16:52.000,11845,11890,11765,11850,127604,11850,211,36
20151126 11:16:52.000,11845,11890,11765,11850,127606,11850,211,35
20151126 11:16:54.000,11845,11890,11765,11850,127606,11850,221,35
20151126 11:16:55.000,11845,11890,11765,11850,127606,11850,221,130
20151126 11:16:59.000,11845,11890,11765,11850,127606,11850,222,130
20151126 11:17:02.000,11845,11890,11765,11850,127606,11850,202,130
20151126 11:17:03.000,11845,11890,11765,11850,127606,11850,202,132
20151126 11:17:04.000,11845,11890,11765,11850,127606,11850,182,132
20151126 11:17:08.000,11845,11890,11765,11850,127606,11850,185,132
20151126 11:17:14.000,11845,11890,11765,11850,127606,11850,185,135
20151126 11:17:17.000,11845,11890,11765,11850,127606,11850,175,135
20151126 11:17:20.000,11845,11890,11765,11850,127626,11850,175,90
20151126 11:17:22.000,11845,11890,11765,11850,127644,11850,175,81
20151126 11:17:24.000,11845,11890,11765,11850,127646,11850,175,80
20151126 11:17:25.000,11845,11890,11765,11850,127650,11850,175,78
20151126 11:17:25.000,11845,11890,11765,11850,127664,11850,174,71
20151126 11:17:26.000,11845,11890,11765,11850,127664,11850,174,11
20151126 11:17:28.000,11845,11890,11765,11850,127664,11850,184,11
20151126 11:17:29.000,11845,11890,11765,11850,127684,11850,184,1
20151126 11:17:29.000,11845,11890,11765,11855,127686,11850,184,243
20151126 11:17:33.000,11845,11890,11765,11855,127686,11850,184,242
20151126 11:17:34.000,11845,11890,11765,11850,127688,11850,184,1
20151126 11:17:36.000,11850,11890,11765,11855,127690,11850,4,242
20151126 11:17:38.000,11850,11890,11765,11855,127690,11850,5,242
20151126 11:17:38.000,11850,11890,11765,11855,127696,11855,24,239
20151126 11:17:40.000,11850,11890,11765,11855,127696,11855,26,239
20151126 11:17:40.000,11850,11890,11765,11855,127698,11855,30,238
20151126 11:17:41.000,11850,11890,11765,11855,127698,11855,30,239
20151126 11:17:43.000,11850,11890,11765,11855,127698,11855,30,236
20151126 11:17:44.000,11850,11890,11765,11855,127698,11855,35,236
20151126 11:17:45.000,11850,11890,11765,11855,127728,11855,35,221
20151126 11:17:46.000,11850,11890,11765,11855,127728,11855,36,221
20151126 11:17:47.000,11850,11890,11765,11855,127730,11855,36,220
20151126 11:17:49.000,11850,11890,11765,11855,127732,11855,36,219
20151126 11:17:50.000,11850,11890,11765,11855,127732,11855,36,220
20151126 11:17:55.000,11850,11890,11765,11855,127734,11850,35,220
20151126 11:17:56.000,11850,11890,11765,11855,127734,11850,38,220
20151126 11:17:59.000,11850,11890,11765,11855,127734,11850,38,221
20151126 11:18:02.000,11850,11890,11765,11855,127736,11850,37,221
20151126 11:18:04.000,11850,11890,11765,11855,127736,11850,39,221
20151126 11:18:06.000,11850,11890,11765,11855,127738,11850,38,221
20151126 11:18:08.000,11850,11890,11765,11855,127740,11850,37,221
20151126 11:18:09.000,11850,11890,11765,11855,127740,11850,24,221
20151126 11:18:10.000,11850,11890,11765,11855,127740,11850,34,221
20151126 11:18:13.000,11850,11890,11765,11855,127760,11850,24,221
20151126 11:18:15.000,11850,11890,11765,11855,127760,11850,23,221
20151126 11:18:17.000,11850,11890,11765,11855,127768,11850,19,221
20151126 11:18:20.000,11845,11890,11765,11855,128168,11845,15,221
20151126 11:18:20.000,11845,11890,11765,11855,128326,11850,34,235
20151126 11:18:21.000,11845,11890,11765,11850,128334,11850,34,77
20151126 11:18:21.000,11845,11890,11765,11850,128336,11850,34,76
20151126 11:18:22.000,11845,11890,11765,11850,128336,11850,34,88
20151126 11:18:23.000,11845,11890,11765,11850,128336,11850,34,89
20151126 11:18:24.000,11845,11890,11765,11850,128336,11850,35,89
20151126 11:18:25.000,11845,11890,11765,11850,128336,11850,35,90
20151126 11:18:26.000,11845,11890,11765,11850,128336,11850,36,90
20151126 11:18:28.000,11845,11890,11765,11850,128338,11850,36,89
20151126 11:18:29.000,11845,11890,11765,11850,128340,11850,36,88
20151126 11:18:30.000,11845,11890,11765,11850,128342,11850,36,89
20151126 11:18:31.000,11845,11890,11765,11850,128342,11850,36,90
20151126 11:18:33.000,11845,11890,11765,11850,128342,11850,37,90
20151126 11:18:36.000,11845,11890,11765,11850,128346,11850,37,88
20151126 11:18:38.000,11845,11890,11765,11850,128350,11850,38,86
20151126 11:18:39.000,11845,11890,11765,11850,128350,11850,42,91
20151126 11:18:42.000,11845,11890,11765,11850,128350,11850,42,291
20151126 11:18:47.000,11845,11890,11765,11850,128350,11850,45,291
20151126 11:18:47.000,11845,11890,11765,11850,128352,11850,45,290
20151126 11:18:48.000,11845,11890,11765,11850,128352,11850,46,290
20151126 11:18:49.000,11845,11890,11765,11850,128352,11850,45,290
20151126 11:18:50.000,11845,11890,11765,11850,128352,11850,45,288
20151126 11:18:51.000,11845,11890,11765,11850,128352,11850,46,288
20151126 11:18:53.000,11845,11890,11765,11850,128352,11850,48,288
20151126 11:18:56.000,11845,11890,11765,11850,128352,11850,48,290
20151126 11:18:57.000,11845,11890,11765,11850,128352,11850,37,290
20151126 11:18:59.000,11840,11890,11765,11845,128426,11845,223,15
20151126 11:19:00.000,11840,11890,11765,11845,128426,11845,223,80
20151126 11:19:01.000,11840,11890,11765,11845,128442,11840,220,79
20151126 11:19:02.000,11840,11890,11765,11845,128442,11840,220,83
20151126 11:19:03.000,11840,11890,11765,11845,128444,11840,222,83
20151126 11:19:04.000,11840,11890,11765,11845,128444,11840,222,283
20151126 11:19:04.000,11840,11890,11765,11845,128454,11845,222,278
20151126 11:19:06.000,11840,11890,11765,11845,128454,11845,222,288
20151126 11:19:07.000,11840,11890,11765,11845,128456,11840,221,288
20151126 11:19:09.000,11840,11890,11765,11845,128458,11845,221,287
20151126 11:19:11.000,11840,11890,11765,11845,128458,11845,222,287
20151126 11:19:11.000,11840,11890,11765,11845,128460,11845,218,251
20151126 11:19:12.000,11840,11890,11765,11845,128500,11840,204,251
20151126 11:19:13.000,11840,11890,11765,11845,128500,11840,205,251
20151126 11:19:16.000,11840,11890,11765,11845,128510,11845,205,246
20151126 11:19:17.000,11840,11890,11765,11845,128548,11840,208,241
20151126 11:19:19.000,11840,11890,11765,11845,129086,11840,25,242
20151126 11:19:20.000,11835,11890,11765,11840,129136,11840,232,47
20151126 11:19:21.000,11835,11890,11765,11840,129162,11840,232,35
20151126 11:19:22.000,11835,11890,11765,11840,129162,11840,232,95
20151126 11:19:23.000,11835,11890,11765,11840,129162,11840,232,115
20151126 11:19:25.000,11835,11890,11765,11840,129172,11840,234,110
20151126 11:19:28.000,11835,11890,11765,11840,129172,11840,233,110
20151126 11:19:29.000,11835,11890,11765,11840,129172,11840,233,111
20151126 11:19:31.000,11835,11890,11765,11840,129174,11840,232,110
20151126 11:19:31.000,11835,11890,11765,11840,129196,11840,223,109
20151126 11:19:35.000,11835,11890,11765,11840,129200,11840,224,107
20151126 11:19:35.000,11835,11890,11765,11840,129202,11840,224,88
20151126 11:19:37.000,11835,11890,11765,11840,129202,11840,224,68
20151126 11:19:37.000,11835,11890,11765,11840,129204,11840,224,67
20151126 11:19:40.000,11835,11890,11765,11840,129208,11840,226,65
20151126 11:19:41.000,11835,11890,11765,11840,129230,11840,225,54
20151126 11:19:42.000,11835,11890,11765,11840,129232,11840,225,53
20151126 11:19:42.000,11835,11890,11765,11840,129236,11840,225,51
20151126 11:19:43.000,11835,11890,11765,11840,129236,11840,225,52
20151126 11:19:44.000,11835,11890,11765,11840,129258,11840,225,41
20151126 11:19:50.000,11835,11890,11765,11840,129258,11840,225,46
20151126 11:19:52.000,11835,11890,11765,11840,129258,11840,227,64
20151126 11:19:53.000,11835,11890,11765,11840,129260,11840,227,63
20151126 11:19:54.000,11835,11890,11765,11840,129260,11840,227,83
20151126 11:19:55.000,11835,11890,11765,11840,129270,11840,227,78
20151126 11:19:56.000,11835,11890,11765,11840,129270,11840,227,60
20151126 11:19:57.000,11835,11890,11765,11840,129272,11840,227,59
20151126 11:19:58.000,11835,11890,11765,11840,129312,11840,227,39
20151126 11:19:59.000,11835,11890,11765,11840,129314,11840,227,38
20151126 11:20:02.000,11835,11890,11765,11840,129390,11840,229,2
20151126 11:20:02.000,11840,11890,11765,11845,129396,11840,33,230
20151126 11:20:03.000,11840,11890,11765,11845,129396,11840,79,230
20151126 11:20:05.000,11840,11890,11765,11845,129398,11840,78,230
20151126 11:20:06.000,11840,11890,11765,11845,129398,11840,80,230
20151126 11:20:07.000,11840,11890,11765,11845,129400,11840,79,230
20151126 11:20:10.000,11840,11890,11765,11845,129400,11840,84,232
20151126 11:20:11.000,11840,11890,11765,11845,129400,11840,85,232
20151126 11:20:13.000,11840,11890,11765,11845,129400,11840,85,233
20151126 11:20:15.000,11840,11890,11765,11845,129400,11840,85,233
20151126 11:20:17.000,11840,11890,11765,11845,129400,11840,84,233
20151126 11:20:18.000,11840,11890,11765,11845,129400,11840,85,233
20151126 11:20:23.000,11840,11890,11765,11845,129400,11840,87,233
20151126 11:20:26.000,11840,11890,11765,11845,129400,11840,88,233
20151126 11:20:28.000,11840,11890,11765,11845,129400,11840,93,233
20151126 11:20:29.000,11840,11890,11765,11845,129522,11840,33,232
20151126 11:20:29.000,11840,11890,11765,11845,129524,11845,33,231
20151126 11:20:30.000,11840,11890,11765,11845,129524,11845,34,231
20151126 11:20:31.000,11840,11890,11765,11845,129524,11845,34,230
20151126 11:20:32.000,11840,11890,11765,11845,129524,11845,30,230
20151126 11:20:33.000,11840,11890,11765,11845,129524,11845,31,230
20151126 11:20:36.000,11840,11890,11765,11845,129528,11845,31,228
20151126 11:20:37.000,11840,11890,11765,11845,129528,11845,46,228
20151126 11:20:38.000,11840,11890,11765,11845,129528,11845,55,228
20151126 11:20:40.000,11840,11890,11765,11845,129528,11845,55,229
20151126 11:20:42.000,11840,11890,11765,11845,129528,11845,56,229
20151126 11:20:46.000,11840,11890,11765,11845,129530,11845,57,228
20151126 11:20:48.000,11840,11890,11765,11845,129530,11845,58,228
20151126 11:20:49.000,11840,11890,11765,11845,129530,11845,78,228
20151126 11:20:50.000,11840,11890,11765,11845,129530,11845,79,228
20151126 11:20:51.000,11840,11890,11765,11845,129530,11845,84,228
20151126 11:20:54.000,11840,11890,11765,11845,129532,11845,86,227
20151126 11:21:01.000,11840,11890,11765,11845,129532,11845,87,227
20151126 11:21:01.000,11840,11890,11765,11845,129534,11840,86,227
20151126 11:21:05.000,11840,11890,11765,11845,129534,11840,87,227
20151126 11:21:11.000,11840,11890,11765,11845,129536,11840,88,232
20151126 11:21:22.000,11840,11890,11765,11845,129538,11840,93,232
20151126 11:21:27.000,11840,11890,11765,11845,129538,11840,92,231
20151126 11:21:28.000,11840,11890,11765,11845,129538,11840,90,231
20151126 11:21:31.000,11840,11890,11765,11845,129538,11840,91,231
20151126 11:21:36.000,11840,11890,11765,11845,129538,11840,96,231
20151126 11:21:38.000,11840,11890,11765,11845,129538,11840,98,231
20151126 11:21:39.000,11840,11890,11765,11845,129538,11840,100,231
20151126 11:21:40.000,11840,11890,11765,11845,129538,11840,101,231
20151126 11:21:54.000,11840,11890,11765,11845,129538,11840,111,231
20151126 11:21:57.000,11840,11890,11765,11845,129540,11845,108,230
20151126 11:21:58.000,11840,11890,11765,11845,129540,11845,109,230
20151126 11:22:00.000,11840,11890,11765,11845,129558,11845,109,221
20151126 11:22:10.000,11840,11890,11765,11845,129560,11845,109,220
20151126 11:22:11.000,11840,11890,11765,11845,129560,11845,109,221
20151126 11:22:13.000,11840,11890,11765,11845,129566,11845,109,218
20151126 11:22:14.000,11840,11890,11765,11845,129566,11845,108,218
20151126 11:22:17.000,11840,11890,11765,11845,129566,11845,118,217
20151126 11:22:21.000,11840,11890,11765,11845,129576,11845,118,212
20151126 11:22:23.000,11840,11890,11765,11845,129606,11840,103,212
20151126 11:22:27.000,11840,11890,11765,11845,129606,11840,93,212
20151126 11:22:27.000,11840,11890,11765,11845,129608,11845,93,211
20151126 11:22:29.000,11840,11890,11765,11845,129608,11845,93,212
20151126 11:22:31.000,11840,11890,11765,11845,129708,11845,93,162
20151126 11:22:32.000,11840,11890,11765,11845,129708,11845,104,162
20151126 11:22:35.000,11840,11890,11765,11845,129708,11845,116,162
20151126 11:22:39.000,11840,11890,11765,11845,129708,11845,122,162
20151126 11:22:41.000,11840,11890,11765,11845,129712,11840,120,162
20151126 11:22:42.000,11840,11890,11765,11845,129712,11840,125,161
20151126 11:22:43.000,11840,11890,11765,11845,129712,11840,113,161
20151126 11:22:44.000,11840,11890,11765,11845,129732,11845,113,151
20151126 11:22:47.000,11840,11890,11765,11845,129732,11845,119,151
20151126 11:22:49.000,11840,11890,11765,11845,129732,11845,129,151
20151126 11:22:53.000,11840,11890,11765,11845,129734,11845,129,150
20151126 11:22:55.000,11840,11890,11765,11845,129736,11845,129,149
20151126 11:23:00.000,11840,11890,11765,11845,129756,11845,129,139
20151126 11:23:01.000,11840,11890,11765,11845,129776,11845,139,129
20151126 11:23:02.000,11840,11890,11765,11845,129776,11845,140,129
20151126 11:23:03.000,11840,11890,11765,11845,129776,11845,140,128
20151126 11:23:08.000,11840,11890,11765,11845,129790,11845,140,121
20151126 11:23:14.000,11840,11890,11765,11845,129790,11845,140,120
20151126 11:23:17.000,11840,11890,11765,11845,129790,11845,140,121
20151126 11:23:18.000,11840,11890,11765,11845,129792,11840,139,121
20151126 11:23:19.000,11840,11890,11765,11845,129806,11845,139,114
20151126 11:23:20.000,11840,11890,11765,11845,129808,11840,138,114
20151126 11:23:24.000,11840,11890,11765,11845,129808,11840,133,116
20151126 11:23:25.000,11840,11890,11765,11845,129828,11845,133,106
20151126 11:23:28.000,11840,11890,11765,11845,129832,11845,133,104
20151126 11:23:30.000,11835,11890,11765,11840,130128,11840,229,67
20151126 11:23:31.000,11835,11890,11765,11840,130140,11840,229,61
20151126 11:23:32.000,11835,11890,11765,11840,130160,11840,229,51
20151126 11:23:33.000,11835,11890,11765,11840,130162,11840,229,50
20151126 11:23:35.000,11835,11890,11765,11840,130164,11840,229,49
20151126 11:23:36.000,11835,11890,11765,11840,130184,11840,229,42
20151126 11:23:39.000,11835,11890,11765,11840,130186,11840,229,41
20151126 11:23:40.000,11835,11890,11765,11840,130198,11840,229,35
20151126 11:23:43.000,11835,11890,11765,11840,130226,11840,229,21
20151126 11:23:44.000,11835,11890,11765,11840,130228,11835,228,21
20151126 11:23:45.000,11840,11890,11765,11845,130270,11840,34,100
20151126 11:23:46.000,11840,11890,11765,11845,130270,11840,35,100
20151126 11:23:51.000,11840,11890,11765,11845,130270,11840,35,101
20151126 11:23:52.000,11840,11890,11765,11845,130270,11840,36,101
20151126 11:23:53.000,11840,11890,11765,11845,130270,11840,50,101
20151126 11:23:55.000,11840,11890,11765,11845,130270,11840,63,101
20151126 11:23:57.000,11840,11890,11765,11845,130270,11840,64,101
20151126 11:23:59.000,11840,11890,11765,11845,130270,11840,69,101
20151126 11:24:00.000,11840,11890,11765,11845,130280,11845,69,96
20151126 11:24:02.000,11840,11890,11765,11845,130282,11840,68,96
20151126 11:24:03.000,11840,11890,11765,11845,130284,11845,68,95
20151126 11:24:04.000,11840,11890,11765,11845,130286,11845,68,94
20151126 11:24:05.000,11840,11890,11765,11845,130288,11845,67,93
20151126 11:24:06.000,11840,11890,11765,11845,130288,11845,68,93
20151126 11:24:09.000,11840,11890,11765,11845,130288,11845,92,93
20151126 11:24:09.000,11840,11890,11765,11845,130302,11845,93,86
20151126 11:24:10.000,11840,11890,11765,11845,130302,11845,100,86
20151126 11:24:11.000,11840,11890,11765,11845,130304,11845,100,85
20151126 11:24:12.000,11840,11890,11765,11845,130308,11845,100,83
20151126 11:24:13.000,11840,11890,11765,11845,130310,11845,101,82
20151126 11:24:13.000,11840,11890,11765,11845,130312,11845,102,81
20151126 11:24:16.000,11840,11890,11765,11845,130312,11845,103,81
20151126 11:24:16.000,11840,11890,11765,11845,130320,11845,102,79
20151126 11:24:17.000,11840,11890,11765,11845,130320,11845,103,79
20151126 11:24:18.000,11840,11890,11765,11845,130346,11845,102,68
20151126 11:24:19.000,11840,11890,11765,11845,130346,11845,105,100
20151126 11:24:20.000,11840,11890,11765,11845,130348,11845,106,99
20151126 11:24:21.000,11840,11890,11765,11845,130350,11845,106,98
20151126 11:24:21.000,11840,11890,11765,11845,130352,11845,106,97
20151126 11:24:22.000,11840,11890,11765,11845,130352,11845,106,107
20151126 11:24:23.000,11840,11890,11765,11845,130356,11845,106,105
20151126 11:24:23.000,11840,11890,11765,11845,130360,11845,107,103
20151126 11:24:24.000,11840,11890,11765,11845,130368,11845,107,99
20151126 11:24:24.000,11840,11890,11765,11845,130374,11845,107,117
20151126 11:24:25.000,11840,11890,11765,11845,130376,11845,107,116
20151126 11:24:27.000,11840,11890,11765,11845,130376,11845,108,116
20151126 11:24:31.000,11840,11890,11765,11845,130376,11845,109,116
20151126 11:24:32.000,11840,11890,11765,11845,130400,11845,109,104
20151126 11:24:34.000,11840,11890,11765,11845,130402,11845,109,103
20151126 11:24:37.000,11840,11890,11765,11845,130414,11845,109,97
20151126 11:24:38.000,11840,11890,11765,11845,130418,11845,110,95
20151126 11:24:39.000,11840,11890,11765,11845,130430,11845,110,89
20151126 11:24:39.000,11840,11890,11765,11845,130468,11845,110,70
20151126 11:24:40.000,11840,11890,11765,11845,130496,11845,110,56
20151126 11:24:42.000,11840,11890,11765,11845,130498,11845,110,55
20151126 11:24:43.000,11840,11890,11765,11845,130510,11845,110,49
20151126 11:24:43.000,11840,11890,11765,11845,130530,11845,110,39
20151126 11:24:44.000,11840,11890,11765,11845,130550,11845,110,29
20151126 11:24:45.000,11840,11890,11765,11845,130568,11845,110,20
20151126 11:24:45.000,11840,11890,11765,11845,130570,11845,110,19
20151126 11:24:46.000,11840,11890,11765,11845,130590,11845,110,9
20151126 11:24:47.000,11845,11890,11765,11850,130608,11845,12,423
20151126 11:24:47.000,11845,11890,11765,11850,130614,11850,12,420
20151126 11:24:49.000,11845,11890,11765,11850,130614,11850,14,420
20151126 11:24:51.000,11845,11890,11765,11850,130614,11850,15,420
20151126 11:24:52.000,11845,11890,11765,11850,130614,11850,16,420
20151126 11:24:54.000,11845,11890,11765,11850,130638,11850,16,408
20151126 11:24:55.000,11845,11890,11765,11850,130638,11850,24,408
20151126 11:24:57.000,11845,11890,11765,11850,130640,11850,35,407
20151126 11:24:57.000,11845,11890,11765,11850,130642,11850,35,406
20151126 11:24:58.000,11845,11890,11765,11850,130642,11850,37,406
20151126 11:24:59.000,11845,11890,11765,11850,130652,11850,37,401
20151126 11:25:01.000,11845,11890,11765,11850,130658,11845,36,401
20151126 11:25:02.000,11845,11890,11765,11850,130658,11845,46,401
20151126 11:25:03.000,11845,11890,11765,11850,130678,11850,46,391
20151126 11:25:04.000,11845,11890,11765,11850,130682,11850,46,389
20151126 11:25:05.000,11845,11890,11765,11850,130682,11850,46,388
20151126 11:25:07.000,11845,11890,11765,11850,130682,11850,70,389
20151126 11:25:08.000,11845,11890,11765,11850,130688,11850,71,386
20151126 11:25:11.000,11845,11890,11765,11850,130688,11850,71,391
20151126 11:25:12.000,11845,11890,11765,11850,130690,11850,71,390
20151126 11:25:13.000,11845,11890,11765,11850,130710,11845,61,390
20151126 11:25:15.000,11845,11890,11765,11850,130744,11845,44,390
20151126 11:25:16.000,11845,11890,11765,11850,130744,11845,44,388
20151126 11:25:17.000,11845,11890,11765,11850,130744,11845,45,388
20151126 11:25:19.000,11845,11890,11765,11850,130746,11850,45,387
20151126 11:25:21.000,11845,11890,11765,11850,130746,11850,96,387
20151126 11:25:24.000,11845,11890,11765,11850,130746,11850,97,387
20151126 11:25:26.000,11845,11890,11765,11850,130756,11850,106,382
20151126 11:25:28.000,11845,11890,11765,11850,130756,11850,107,382
20151126 11:25:30.000,11845,11890,11765,11850,130756,11850,108,382
20151126 11:25:33.000,11845,11890,11765,11850,130768,11850,108,376
20151126 11:25:36.000,11845,11890,11765,11850,130768,11850,109,376
20151126 11:25:36.000,11845,11890,11765,11850,130776,11845,108,375
20151126 11:25:37.000,11845,11890,11765,11850,130776,11845,109,375
20151126 11:25:39.000,11845,11890,11765,11850,130776,11845,110,375
20151126 11:25:41.000,11845,11890,11765,11850,130776,11845,111,375
20151126 11:25:42.000,11845,11890,11765,11850,130786,11850,111,370
20151126 11:25:42.000,11845,11890,11765,11850,130886,11845,62,370
20151126 11:25:43.000,11845,11890,11765,11850,130886,11845,64,370
20151126 11:25:45.000,11845,11890,11765,11850,130888,11845,63,370
20151126 11:25:46.000,11845,11890,11765,11850,130900,11850,63,364
20151126 11:25:47.000,11845,11890,11765,11850,131000,11850,62,314
20151126 11:25:50.000,11845,11890,11765,11850,131006,11845,69,314
20151126 11:25:51.000,11845,11890,11765,11850,131006,11845,78,315
20151126 11:25:55.000,11845,11890,11765,11850,131006,11845,79,315
20151126 11:25:55.000,11845,11890,11765,11850,131014,11845,99,316
20151126 11:25:57.000,11845,11890,11765,11850,131034,11850,99,306
20151126 11:25:59.000,11845,11890,11765,11850,131034,11850,100,306
20151126 11:26:00.000,11845,11890,11765,11850,131034,11850,104,306
20151126 11:26:02.000,11845,11890,11765,11850,131034,11850,105,306
20151126 11:26:03.000,11845,11890,11765,11850,131034,11850,106,306
20151126 11:26:05.000,11845,11890,11765,11850,131034,11850,107,306
20151126 11:26:06.000,11845,11890,11765,11850,131034,11850,112,305
20151126 11:26:07.000,11845,11890,11765,11850,131034,11850,113,305
20151126 11:26:10.000,11845,11890,11765,11850,131034,11850,109,305
20151126 11:26:11.000,11845,11890,11765,11850,131034,11850,107,305
20151126 11:26:12.000,11845,11890,11765,11850,131034,11850,106,305
20151126 11:26:14.000,11845,11890,11765,11850,131034,11850,108,305
20151126 11:26:15.000,11845,11890,11765,11850,131036,11850,109,304
20151126 11:26:15.000,11845,11890,11765,11850,131044,11850,109,300
20151126 11:26:17.000,11845,11890,11765,11850,131044,11850,113,300
20151126 11:26:20.000,11845,11890,11765,11850,131044,11850,114,300
20151126 11:26:23.000,11845,11890,11765,11850,131044,11850,114,306
20151126 11:26:24.000,11845,11890,11765,11850,131044,11850,115,310
20151126 11:26:26.000,11845,11890,11765,11850,131044,11850,120,310
20151126 11:26:27.000,11845,11890,11765,11850,131044,11850,121,310
20151126 11:26:28.000,11845,11890,11765,11850,131050,11850,121,307
20151126 11:26:30.000,11845,11890,11765,11850,131070,11850,122,297
20151126 11:26:31.000,11845,11890,11765,11850,131072,11850,122,296
20151126 11:26:32.000,11845,11890,11765,11850,131076,11845,120,296
20151126 11:26:34.000,11845,11890,11765,11850,131076,11845,113,290
20151126 11:26:41.000,11845,11890,11765,11850,131078,11850,113,289
20151126 11:26:45.000,11845,11890,11765,11850,131078,11850,114,289
20151126 11:26:48.000,11845,11890,11765,11850,131082,11845,112,289
20151126 11:26:52.000,11845,11890,11765,11850,131086,11850,112,287
20151126 11:26:54.000,11845,11890,11765,11850,131088,11850,112,286
20151126 11:26:55.000,11845,11890,11765,11850,131090,11850,112,285
20151126 11:26:57.000,11845,11890,11765,11850,131090,11850,113,285
20151126 11:26:58.000,11845,11890,11765,11850,131092,11850,113,284
20151126 11:27:05.000,11845,11890,11765,11850,131092,11850,114,284
20151126 11:27:06.000,11845,11890,11765,11850,131098,11845,111,284
20151126 11:27:07.000,11845,11890,11765,11850,131100,11850,111,283
20151126 11:27:09.000,11845,11890,11765,11850,131400,11850,112,133
20151126 11:27:10.000,11845,11890,11765,11850,131424,11850,112,121
20151126 11:27:11.000,11845,11890,11765,11850,131436,11850,112,115
20151126 11:27:12.000,11845,11890,11765,11850,131446,11850,113,110
20151126 11:27:17.000,11845,11890,11765,11850,131448,11850,113,109
20151126 11:27:19.000,11845,11890,11765,11850,131448,11850,112,109
20151126 11:27:23.000,11845,11890,11765,11850,131450,11850,112,108
20151126 11:27:23.000,11845,11890,11765,11850,131452,11850,112,107
20151126 11:27:25.000,11845,11890,11765,11850,131454,11850,112,106
20151126 11:27:26.000,11845,11890,11765,11850,131454,11850,89,106
20151126 11:27:27.000,11845,11890,11765,11850,131454,11850,89,101
20151126 11:27:28.000,11845,11890,11765,11850,131476,11850,90,90
20151126 11:27:28.000,11845,11890,11765,11850,131478,11845,89,90
20151126 11:27:29.000,11845,11890,11765,11850,131480,11850,89,89
20151126 11:27:31.000,11845,11890,11765,11850,131516,11850,89,86
20151126 11:27:33.000,11845,11890,11765,11850,131516,11850,92,86
20151126 11:27:34.000,11845,11890,11765,11850,131518,11850,92,85
20151126 11:27:35.000,11845,11890,11765,11850,131520,11850,93,84
20151126 11:27:36.000,11845,11890,11765,11850,131564,11850,93,62
20151126 11:27:38.000,11845,11890,11765,11850,131566,11850,93,61
20151126 11:27:39.000,11845,11890,11765,11850,131566,11850,93,62
20151126 11:27:41.000,11845,11890,11765,11850,131566,11850,94,62
20151126 11:27:42.000,11845,11890,11765,11850,131568,11845,93,62
20151126 11:27:43.000,11845,11890,11765,11850,131630,11845,92,32
20151126 11:27:43.000,11845,11890,11765,11850,131642,11850,92,26
20151126 11:27:45.000,11845,11890,11765,11850,131644,11850,94,25
20151126 11:27:46.000,11845,11890,11765,11850,131646,11850,95,24
20151126 11:27:47.000,11845,11890,11765,11850,131648,11850,97,23
20151126 11:27:48.000,11845,11890,11765,11850,131652,11850,97,21
20151126 11:27:50.000,11845,11890,11765,11850,131654,11850,98,21
20151126 11:27:50.000,11845,11890,11765,11850,131658,11850,98,19
20151126 11:27:51.000,11845,11890,11765,11850,131660,11850,99,18
20151126 11:27:52.000,11845,11890,11765,11850,131680,11850,112,8
20151126 11:27:53.000,11845,11890,11765,11850,131682,11850,112,7
20151126 11:27:53.000,11845,11890,11765,11850,131684,11850,112,6
20151126 11:27:53.000,11845,11890,11765,11850,131704,11845,102,6
20151126 11:27:54.000,11845,11890,11765,11850,131706,11850,102,5
20151126 11:27:54.000,11845,11890,11765,11850,131708,11850,102,4
20151126 11:27:58.000,11845,11890,11765,11850,131710,11850,102,3
20151126 11:27:58.000,11850,11890,11765,11855,131716,11850,62,193
20151126 11:27:59.000,11845,11890,11765,11855,131716,11850,96,193
20151126 11:28:00.000,11850,11890,11765,11855,131716,11850,1,193
20151126 11:28:00.000,11850,11890,11765,11855,131744,11855,2,179
20151126 11:28:02.000,11850,11890,11765,11855,131784,11855,4,159
20151126 11:28:03.000,11850,11890,11765,11855,131784,11855,9,159
20151126 11:28:04.000,11850,11890,11765,11855,131784,11855,14,159
20151126 11:28:05.000,11850,11890,11765,11855,131786,11855,14,158
20151126 11:28:08.000,11850,11890,11765,11855,131786,11855,17,159
20151126 11:28:09.000,11850,11890,11765,11855,131786,11855,24,159
20151126 11:28:10.000,11850,11890,11765,11855,131786,11855,28,159
20151126 11:28:12.000,11850,11890,11765,11855,131794,11855,34,155
20151126 11:28:16.000,11850,11890,11765,11855,131794,11855,35,160
20151126 11:28:17.000,11850,11890,11765,11855,131798,11855,35,158
20151126 11:28:18.000,11850,11890,11765,11855,131810,11855,35,152
20151126 11:28:19.000,11850,11890,11765,11855,131810,11855,39,152
20151126 11:28:19.000,11850,11890,11765,11855,131812,11855,39,152
20151126 11:28:22.000,11850,11890,11765,11855,131812,11855,39,157
20151126 11:28:22.000,11850,11890,11765,11855,131814,11850,38,176
20151126 11:28:23.000,11850,11890,11765,11855,131814,11850,35,181
20151126 11:28:25.000,11850,11890,11765,11855,131814,11850,36,181
20151126 11:28:26.000,11850,11890,11765,11855,131818,11855,36,180
20151126 11:28:28.000,11850,11890,11765,11855,131818,11855,48,180
20151126 11:28:29.000,11850,11890,11765,11855,131828,11855,48,175
20151126 11:28:29.000,11850,11890,11765,11855,131834,11855,48,172
20151126 11:28:30.000,11850,11890,11765,11855,131834,11855,48,167
20151126 11:28:31.000,11850,11890,11765,11855,131834,11855,49,187
20151126 11:28:33.000,11850,11890,11765,11855,131844,11855,53,182
20151126 11:28:35.000,11850,11890,11765,11855,131846,11850,52,182
20151126 11:28:36.000,11850,11890,11765,11855,131846,11850,52,199
20151126 11:28:38.000,11850,11890,11765,11855,131846,11850,57,199
20151126 11:28:45.000,11850,11890,11765,11855,131850,11855,61,197
20151126 11:28:47.000,11850,11890,11765,11855,131850,11855,61,207
20151126 11:28:48.000,11850,11890,11765,11855,131922,11850,60,172
20151126 11:28:49.000,11850,11890,11765,11855,131944,11850,50,172
20151126 11:28:49.000,11850,11890,11765,11855,131974,11850,35,172
20151126 11:28:52.000,11850,11890,11765,11855,131982,11855,40,167
20151126 11:28:54.000,11850,11890,11765,11855,131982,11855,40,172
20151126 11:28:55.000,11850,11890,11765,11855,131982,11855,45,172
20151126 11:28:56.000,11850,11890,11765,11855,131982,11855,46,172
20151126 11:28:57.000,11850,11890,11765,11855,131986,11850,44,172
20151126 11:28:58.000,11850,11890,11765,11855,131990,11850,43,172
20151126 11:28:59.000,11850,11890,11765,11855,131990,11850,43,177
20151126 11:29:01.000,11850,11890,11765,11855,131990,11850,144,177
20151126 11:29:02.000,11850,11890,11765,11855,131994,11850,144,177
20151126 11:29:03.000,11850,11890,11765,11855,131994,11850,145,177
20151126 11:29:04.000,11850,11890,11765,11855,132014,11855,145,167
20151126 11:29:04.000,11850,11890,11765,11855,132036,11855,145,156
20151126 11:29:05.000,11850,11890,11765,11855,132036,11855,145,157
20151126 11:29:06.000,11850,11890,11765,11855,132036,11855,145,152
20151126 11:29:07.000,11850,11890,11765,11855,132036,11855,146,152
20151126 11:29:08.000,11850,11890,11765,11855,132040,11850,144,152
20151126 11:29:09.000,11850,11890,11765,11855,132040,11850,145,152
20151126 11:29:10.000,11850,11890,11765,11855,132040,11850,146,152
20151126 11:29:11.000,11850,11890,11765,11855,132040,11850,148,152
20151126 11:29:13.000,11850,11890,11765,11855,132040,11850,148,135
20151126 11:29:14.000,11850,11890,11765,11855,132056,11855,148,127
20151126 11:29:15.000,11850,11890,11765,11855,132058,11855,148,126
20151126 11:29:16.000,11850,11890,11765,11855,132058,11855,150,126
20151126 11:29:17.000,11850,11890,11765,11855,132258,11855,155,27
20151126 11:29:18.000,11855,11890,11765,11860,132316,11855,14,145
20151126 11:29:19.000,11855,11890,11765,11860,132316,11855,29,145
20151126 11:29:20.000,11855,11890,11765,11860,132326,11855,24,145
20151126 11:29:21.000,11855,11890,11765,11860,132326,11855,26,148
20151126 11:29:22.000,11855,11890,11765,11860,132326,11855,29,148
20151126 11:29:23.000,11855,11890,11765,11860,132328,11860,29,147
20151126 11:29:23.000,11855,11890,11765,11860,132340,11855,23,147
20151126 11:29:24.000,11855,11890,11765,11860,132452,11860,23,91
20151126 11:29:24.000,11855,11890,11765,11860,132460,11860,23,87
20151126 11:29:25.000,11855,11890,11765,11860,132470,11860,23,82
20151126 11:29:26.000,11855,11890,11765,11860,132572,11860,25,41
20151126 11:29:26.000,11855,11890,11765,11860,132574,11860,26,40
20151126 11:29:27.000,11855,11890,11765,11860,132574,11860,26,42
20151126 11:29:27.000,11855,11890,11765,11860,132576,11860,45,41
20151126 11:29:28.000,11855,11890,11765,11860,132582,11860,45,38
20151126 11:29:28.000,11855,11890,11765,11860,132584,11860,47,42
20151126 11:29:29.000,11855,11890,11765,11860,132588,11860,47,40
20151126 11:29:29.000,11860,11890,11765,11865,132706,11860,43,203
20151126 11:29:30.000,11860,11890,11765,11865,132744,11860,26,201
20151126 11:29:31.000,11860,11890,11765,11865,132750,11860,27,201
20151126 11:29:32.000,11860,11890,11765,11865,132760,11865,27,196
20151126 11:29:32.000,11860,11890,11765,11865,132766,11865,27,193
20151126 11:29:33.000,11860,11890,11765,11865,132768,11865,28,192
20151126 11:29:33.000,11860,11890,11765,11865,132774,11865,29,189
20151126 11:29:34.000,11860,11890,11765,11865,132780,11865,28,188
20151126 11:29:34.000,11855,11890,11765,11860,132864,11860,66,8
20151126 11:29:35.000,11855,11890,11765,11860,132878,11860,66,1
20151126 11:29:35.000,11860,11890,11765,11865,132880,11860,1,192
20151126 11:29:36.000,11860,11890,11765,11865,132882,11865,5,192
20151126 11:29:37.000,11860,11890,11765,11865,132982,11865,7,145
20151126 11:29:38.000,11860,11890,11765,11865,132988,11860,5,144
20151126 11:29:38.000,11860,11890,11765,11865,132992,11860,3,144
20151126 11:29:39.000,11860,11890,11765,11865,132998,11865,6,141
20151126 11:29:40.000,11860,11890,11765,11865,132998,11865,11,141
20151126 11:29:40.000,11860,11890,11765,11865,133000,11865,11,140
20151126 11:29:41.000,11860,11890,11765,11865,133002,11865,11,159
20151126 11:29:41.000,11860,11890,11765,11865,133012,11860,10,159
20151126 11:29:42.000,11860,11890,11765,11865,133014,11865,11,158
20151126 11:29:43.000,11860,11890,11765,11865,133016,11865,11,157
20151126 11:29:44.000,11860,11890,11765,11865,133138,11865,17,115
20151126 11:29:44.000,11860,11890,11765,11865,133140,11860,15,119
20151126 11:29:45.000,11860,11890,11765,11865,133142,11865,16,118
20151126 11:29:45.000,11860,11890,11765,11865,133146,11865,16,116
20151126 11:29:46.000,11860,11890,11765,11865,133148,11865,17,115
20151126 11:29:46.000,11860,11890,11765,11865,133152,11865,17,113
20151126 11:29:47.000,11860,11890,11765,11865,133156,11865,19,111
20151126 11:29:47.000,11860,11890,11765,11865,133218,11865,19,100
20151126 11:29:48.000,11860,11890,11765,11865,133222,11865,19,153
20151126 11:29:49.000,11860,11890,11765,11865,133290,11865,18,123
20151126 11:29:50.000,11860,11890,11765,11865,133290,11865,40,123
20151126 11:29:50.000,11860,11890,11765,11865,133298,11860,40,122
20151126 11:29:51.000,11860,11890,11765,11865,133400,11860,39,95
20151126 11:29:52.000,11860,11890,11765,11865,133400,11860,39,105
20151126 11:29:52.000,11860,11890,11765,11865,133406,11865,44,102
20151126 11:29:53.000,11860,11890,11765,11865,133412,11865,44,99
20151126 11:29:53.000,11860,11890,11765,11865,133422,11865,44,94
20151126 11:29:54.000,11860,11890,11765,11865,133424,11865,44,93
20151126 11:29:55.000,11860,11890,11765,11865,133476,11865,45,67
20151126 11:29:55.000,11860,11890,11765,11865,133484,11865,65,63
20151126 11:29:56.000,11860,11890,11765,11865,133484,11865,65,64
20151126 11:29:57.000,11865,11890,11765,11870,133652,11865,17,574
20151126 11:29:57.000,11860,11890,11765,11865,133688,11865,65,5
20151126 11:29:58.000,11860,11890,11765,11865,133688,11865,45,5
20151126 11:29:58.000,11860,11890,11765,11865,133692,11865,45,3
20151126 11:29:59.000,11860,11890,11765,11865,133692,11865,85,2
20151126 11:29:59.000,11860,11890,11765,11870,133700,11865,85,574
20151126 13:30:00.000,11865,11890,11765,11870,134000,11865,4,525
20151126 13:30:00.000,11865,11890,11765,11870,134440,11870,32,341
20151126 13:30:01.000,11865,11890,11765,11870,134526,11870,34,298
20151126 13:30:01.000,11865,11890,11765,11870,134774,11870,85,177
20151126 13:30:02.000,11865,11890,11765,11870,134930,11870,92,107
20151126 13:30:02.000,11865,11890,11765,11870,135028,11870,120,59
20151126 13:30:03.000,11865,11890,11765,11870,135082,11870,140,42
20151126 13:30:03.000,11870,11890,11765,11875,135184,11875,91,616
20151126 13:30:04.000,11870,11890,11765,11875,135238,11875,154,589
20151126 13:30:04.000,11870,11890,11765,11875,135262,11875,252,577
20151126 13:30:05.000,11870,11890,11765,11875,135268,11875,270,574
20151126 13:30:05.000,11870,11890,11765,11875,135274,11875,271,571
20151126 13:30:06.000,11870,11890,11765,11875,135274,11875,277,571
20151126 13:30:06.000,11870,11890,11765,11875,135276,11875,277,575
20151126 13:30:07.000,11870,11890,11765,11875,135278,11875,280,574
20151126 13:30:07.000,11870,11890,11765,11875,135482,11870,182,571
20151126 13:30:08.000,11870,11890,11765,11875,135494,11875,182,576
20151126 13:30:08.000,11870,11890,11765,11875,135522,11875,183,562
20151126 13:30:09.000,11870,11890,11765,11875,135534,11875,183,556
20151126 13:30:09.000,11870,11890,11765,11875,135554,11875,182,548
20151126 13:30:10.000,11870,11890,11765,11875,135638,11875,182,506
20151126 13:30:10.000,11870,11890,11765,11875,135674,11875,184,488
20151126 13:30:11.000,11870,11890,11765,11875,135678,11875,184,486
20151126 13:30:11.000,11870,11890,11765,11875,135692,11875,186,479
20151126 13:30:12.000,11870,11890,11765,11875,135806,11875,187,424
20151126 13:30:12.000,11865,11890,11765,11870,136192,11870,99,8
20151126 13:30:13.000,11870,11890,11765,11875,136236,11870,6,399
20151126 13:30:13.000,11870,11890,11765,11875,136260,11875,26,365
20151126 13:30:14.000,11870,11890,11765,11875,136316,11870,1,364
20151126 13:30:14.000,11870,11890,11765,11875,136322,11875,1,361
20151126 13:30:15.000,11870,11890,11765,11875,136334,11875,2,397
20151126 13:30:16.000,11865,11890,11765,11870,136340,11870,90,31
20151126 13:30:16.000,11865,11890,11765,11870,136344,11870,84,30
20151126 13:30:16.000,11865,11890,11765,11870,136350,11870,84,47
20151126 13:30:17.000,11865,11890,11765,11870,136352,11870,84,46
20151126 13:30:18.000,11865,11890,11765,11870,136362,11870,84,22
20151126 13:30:18.000,11865,11890,11765,11870,136376,11870,84,15
20151126 13:30:19.000,11870,11890,11765,11875,136406,11870,44,403
20151126 13:30:19.000,11870,11890,11765,11875,136408,11875,166,402
20151126 13:30:20.000,11870,11890,11765,11875,136408,11875,228,402
20151126 13:30:21.000,11870,11890,11765,11875,136412,11875,252,399
20151126 13:30:22.000,11870,11890,11765,11875,136412,11875,260,399
20151126 13:30:22.000,11870,11890,11765,11875,136428,11875,260,391
20151126 13:30:23.000,11870,11890,11765,11875,136448,11875,260,381
20151126 13:30:24.000,11870,11890,11765,11875,136458,11875,241,339
20151126 13:30:25.000,11870,11890,11765,11875,136460,11870,241,339
20151126 13:30:26.000,11870,11890,11765,11875,136460,11870,241,337
20151126 13:30:26.000,11870,11890,11765,11875,136476,11875,241,329
20151126 13:30:27.000,11870,11890,11765,11875,136486,11875,248,324
20151126 13:30:27.000,11870,11890,11765,11875,136494,11875,351,320
20151126 13:30:28.000,11870,11890,11765,11875,136580,11875,311,317
20151126 13:30:28.000,11870,11890,11765,11875,136624,11870,310,296
20151126 13:30:29.000,11870,11890,11765,11875,136626,11875,309,299
20151126 13:30:29.000,11870,11890,11765,11875,136734,11875,256,245
20151126 13:30:30.000,11870,11890,11765,11875,136746,11875,256,239
20151126 13:30:30.000,11870,11890,11765,11875,136762,11875,259,226
20151126 13:30:31.000,11870,11890,11765,11875,136762,11875,260,228
20151126 13:30:31.000,11870,11890,11765,11875,136772,11875,260,229
20151126 13:30:32.000,11870,11890,11765,11875,136844,11875,262,205
20151126 13:30:32.000,11870,11890,11765,11875,136848,11875,263,203
20151126 13:30:33.000,11870,11890,11765,11875,136888,11875,263,183
20151126 13:30:33.000,11870,11890,11765,11875,136892,11875,265,181
20151126 13:30:34.000,11870,11890,11765,11875,136928,11870,255,173
20151126 13:30:34.000,11870,11890,11765,11875,136970,11875,255,152
20151126 13:30:35.000,11870,11890,11765,11875,136974,11875,257,150
20151126 13:30:35.000,11870,11890,11765,11875,136986,11875,257,144
20151126 13:30:36.000,11870,11890,11765,11875,136988,11870,151,145
20151126 13:30:37.000,11870,11890,11765,11875,137008,11875,154,135
20151126 13:30:37.000,11870,11890,11765,11875,137248,11875,156,37
20151126 13:30:38.000,11870,11890,11765,11875,137248,11875,190,47
20151126 13:30:38.000,11870,11890,11765,11875,137256,11875,190,43
20151126 13:30:39.000,11870,11890,11765,11875,137274,11875,185,44
20151126 13:30:39.000,11870,11890,11765,11875,137282,11875,184,40
20151126 13:30:40.000,11870,11890,11765,11875,137304,11875,174,32
20151126 13:30:40.000,11870,11890,11765,11875,137308,11875,174,146
20151126 13:30:41.000,11870,11890,11765,11875,137308,11875,174,166
20151126 13:30:41.000,11870,11890,11765,11875,137616,11875,174,106
20151126 13:30:42.000,11870,11890,11765,11875,137616,11875,176,106
20151126 13:30:42.000,11870,11890,11765,11875,137622,11870,174,106
20151126 13:30:43.000,11870,11890,11765,11875,137632,11870,169,106
20151126 13:30:44.000,11870,11890,11765,11875,137634,11875,200,106
20151126 13:30:44.000,11870,11890,11765,11875,137638,11875,200,106
20151126 13:30:45.000,11870,11890,11765,11875,137638,11875,203,106
20151126 13:30:45.000,11870,11890,11765,11875,137652,11875,203,99
20151126 13:30:46.000,11870,11890,11765,11875,137656,11875,203,102
20151126 13:30:47.000,11870,11890,11765,11875,137702,11875,203,79
20151126 13:30:47.000,11870,11890,11765,11875,137718,11875,217,77
20151126 13:30:48.000,11870,11890,11765,11875,137730,11875,217,71
20151126 13:30:48.000,11870,11890,11765,11875,137734,11875,217,119
20151126 13:30:49.000,11870,11890,11765,11875,137798,11875,197,107
20151126 13:30:50.000,11875,11890,11765,11880,138012,11875,2,1860
20151126 13:30:51.000,11870,11890,11765,11875,138016,11875,157,23
20151126 13:30:51.000,11870,11890,11765,11875,138018,11875,157,22
20151126 13:30:52.000,11870,11890,11765,11875,138044,11875,157,70
20151126 13:30:53.000,11870,11890,11765,11875,138068,11875,158,61
20151126 13:30:54.000,11870,11890,11765,11875,138068,11875,159,65
20151126 13:30:55.000,11870,11890,11765,11875,138168,11875,159,15
20151126 13:30:55.000,11870,11890,11765,11875,138188,11875,159,5
20151126 13:30:56.000,11870,11890,11765,11875,138190,11875,159,4
20151126 13:30:56.000,11870,11890,11765,11875,138194,11875,159,2
20151126 13:30:57.000,11875,11890,11765,11880,138200,11875,3,1470
20151126 13:30:58.000,11870,11890,11765,11875,138208,11875,177,16
20151126 13:30:59.000,11870,11890,11765,11875,138226,11875,179,27
20151126 13:31:00.000,11870,11890,11765,11875,138226,11875,179,29
20151126 13:31:00.000,11870,11890,11765,11875,138228,11875,179,28
20151126 13:31:01.000,11870,11890,11765,11875,138242,11875,180,42
20151126 13:31:01.000,11870,11890,11765,11875,138290,11875,186,18
20151126 13:31:02.000,11870,11890,11765,11875,138290,11875,188,18
20151126 13:31:02.000,11870,11890,11765,11875,138292,11875,187,18
20151126 13:31:03.000,11875,11890,11765,11880,138340,11875,31,1460
20151126 13:31:04.000,11875,11890,11765,11880,138340,11875,47,1463
20151126 13:31:05.000,11875,11890,11765,11880,138340,11875,48,1480
20151126 13:31:05.000,11870,11890,11765,11875,138438,11875,196,33
20151126 13:31:06.000,11870,11890,11765,11875,138450,11870,195,122
20151126 13:31:06.000,11870,11890,11765,11875,138456,11875,195,153
20151126 13:31:07.000,11870,11890,11765,11875,138458,11875,195,152
20151126 13:31:08.000,11870,11890,11765,11875,138460,11875,216,119
20151126 13:31:08.000,11870,11890,11765,11875,138462,11875,216,119
20151126 13:31:09.000,11870,11890,11765,11875,138484,11875,216,108
20151126 13:31:10.000,11870,11890,11765,11875,138484,11875,216,107
20151126 13:31:10.000,11870,11890,11765,11875,138516,11875,216,81
20151126 13:31:11.000,11870,11890,11765,11875,138518,11875,217,134
20151126 13:31:12.000,11870,11890,11765,11875,138548,11875,216,120
20151126 13:31:13.000,11870,11890,11765,11875,138548,11875,217,121
20151126 13:31:14.000,11870,11890,11765,11875,138584,11875,219,104
20151126 13:31:15.000,11870,11890,11765,11875,138590,11870,216,109
20151126 13:31:16.000,11870,11890,11765,11875,138590,11870,237,193
20151126 13:31:16.000,11870,11890,11765,11875,138592,11875,237,192
20151126 13:31:17.000,11870,11890,11765,11875,138602,11875,237,188
20151126 13:31:18.000,11870,11890,11765,11875,138612,11875,237,183
20151126 13:31:18.000,11870,11890,11765,11875,138618,11875,237,180
20151126 13:31:19.000,11870,11890,11765,11875,138620,11875,237,184
20151126 13:31:19.000,11870,11890,11765,11875,138630,11875,237,179
20151126 13:31:20.000,11870,11890,11765,11875,138630,11875,237,181
20151126 13:31:21.000,11870,11890,11765,11875,138632,11875,247,180
20151126 13:31:21.000,11870,11890,11765,11875,138654,11875,246,171
20151126 13:31:22.000,11870,11890,11765,11875,138656,11875,246,175
20151126 13:31:22.000,11870,11890,11765,11875,138658,11875,246,174
20151126 13:31:23.000,11870,11890,11765,11875,138658,11875,247,174
20151126 13:31:23.000,11870,11890,11765,11875,138660,11870,251,174
20151126 13:31:24.000,11870,11890,11765,11875,138662,11875,256,169
20151126 13:31:25.000,11870,11890,11765,11875,138664,11875,256,168
20151126 13:31:26.000,11870,11890,11765,11875,138668,11870,255,667
20151126 13:31:26.000,11870,11890,11765,11875,138672,11875,255,665
20151126 13:31:27.000,11870,11890,11765,11875,138684,11875,255,664
20151126 13:31:28.000,11870,11890,11765,11875,138702,11875,257,655
20151126 13:31:29.000,11870,11890,11765,11875,138702,11875,258,656
20151126 13:31:29.000,11870,11890,11765,11875,138802,11875,258,607
20151126 13:31:30.000,11870,11890,11765,11875,138806,11875,258,605
20151126 13:31:31.000,11870,11890,11765,11875,138808,11870,259,605
20151126 13:31:32.000,11870,11890,11765,11875,138908,11875,260,558
20151126 13:31:34.000,11870,11890,11765,11875,138912,11875,260,556
20151126 13:31:34.000,11870,11890,11765,11875,139014,11875,260,532
20151126 13:31:36.000,11870,11890,11765,11875,139026,11875,260,526
20151126 13:31:36.000,11870,11890,11765,11875,139126,11875,260,476
20151126 13:31:37.000,11870,11890,11765,11875,139132,11875,260,473
20151126 13:31:37.000,11870,11890,11765,11875,139138,11870,240,474
20151126 13:31:38.000,11870,11890,11765,11875,139142,11870,238,474
20151126 13:31:39.000,11875,11890,11765,11880,140094,11875,25,1411
20151126 13:31:40.000,11875,11890,11765,11880,140114,11880,25,1401
20151126 13:31:41.000,11875,11890,11765,11880,140208,11880,78,1354
20151126 13:31:42.000,11875,11890,11765,11880,140216,11880,96,1352
20151126 13:31:43.000,11875,11890,11765,11880,140256,11875,77,1352
20151126 13:31:44.000,11875,11890,11765,11880,140258,11880,82,1351
20151126 13:31:44.000,11875,11890,11765,11880,140260,11875,81,1351
20151126 13:31:45.000,11875,11890,11765,11880,140270,11880,87,1338
20151126 13:31:45.000,11875,11890,11765,11880,140310,11875,67,1338
20151126 13:31:46.000,11875,11890,11765,11880,140310,11875,35,1338
20151126 13:31:46.000,11875,11890,11765,11880,140316,11880,35,1335
20151126 13:31:47.000,11875,11890,11765,11880,140344,11880,36,1319
20151126 13:31:48.000,11875,11890,11765,11880,140406,11875,16,1309
20151126 13:31:48.000,11875,11890,11765,11880,140524,11875,8,1259
20151126 13:31:49.000,11870,11890,11765,11880,140540,11875,252,1264
20151126 13:31:50.000,11875,11890,11765,11880,140540,11875,4,1264
20151126 13:31:50.000,11875,11890,11765,11880,140570,11880,4,1249
20151126 13:31:51.000,11875,11890,11765,11880,140670,11880,15,1194
20151126 13:31:52.000,11875,11890,11765,11880,140670,11880,62,1194
20151126 13:31:52.000,11875,11890,11765,11880,140716,11880,52,1191
20151126 13:31:53.000,11875,11890,11765,11880,140756,11880,74,1171
20151126 13:31:54.000,11875,11890,11765,11880,140798,11875,54,1176
20151126 13:31:54.000,11875,11890,11765,11880,140828,11880,60,1161
20151126 13:31:55.000,11875,11890,11765,11880,140832,11875,59,1161
20151126 13:31:56.000,11875,11890,11765,11880,140832,11875,60,1161
20151126 13:31:56.000,11875,11890,11765,11880,140834,11880,60,1160
20151126 13:31:57.000,11875,11890,11765,11880,140844,11880,60,1155
20151126 13:31:57.000,11875,11890,11765,11880,140854,11875,55,1155
20151126 13:31:58.000,11875,11890,11765,11880,140874,11880,55,1145
20151126 13:31:59.000,11875,11890,11765,11880,140882,11875,52,1145
20151126 13:31:59.000,11875,11890,11765,11880,140892,11875,67,1146
20151126 13:32:00.000,11875,11890,11765,11880,140922,11880,70,1131
20151126 13:32:00.000,11875,11890,11765,11880,140938,11880,70,1123
20151126 13:32:01.000,11875,11890,11765,11880,140942,11880,80,1121
20151126 13:32:01.000,11875,11890,11765,11880,140958,11880,79,1115
20151126 13:32:02.000,11875,11890,11765,11880,140958,11880,86,1171
20151126 13:32:02.000,11875,11890,11765,11880,140964,11875,73,1171
20151126 13:32:03.000,11875,11890,11765,11880,140996,11880,73,1155
20151126 13:32:03.000,11875,11890,11765,11880,141002,11880,74,1152
20151126 13:32:04.000,11875,11890,11765,11880,141006,11880,80,1154
20151126 13:32:05.000,11875,11890,11765,11880,141008,11875,131,1175
20151126 13:32:05.000,11875,11890,11765,11880,141410,11880,133,974
20151126 13:32:06.000,11875,11890,11765,11880,141412,11880,133,973
20151126 13:32:07.000,11875,11890,11765,11880,141452,11880,144,953
20151126 13:32:07.000,11875,11890,11765,11880,141462,11880,144,948
20151126 13:32:08.000,11875,11890,11765,11880,141966,11880,164,696
20151126 13:32:08.000,11875,11890,11765,11880,141982,11880,164,688
20151126 13:32:09.000,11875,11890,11765,11880,142938,11880,164,210
20151126 13:32:09.000,11875,11890,11765,11880,143268,11880,202,45
20151126 13:32:10.000,11880,11890,11765,11885,143358,11880,20,624
20151126 13:32:10.000,11880,11890,11765,11885,143364,11880,32,624
20151126 13:32:11.000,11880,11890,11765,11885,143368,11885,35,622
20151126 13:32:11.000,11880,11890,11765,11885,143414,11885,47,600
20151126 13:32:12.000,11880,11890,11765,11885,143418,11885,47,598
20151126 13:32:12.000,11880,11890,11765,11885,143430,11880,42,597
20151126 13:32:13.000,11880,11890,11765,11885,143438,11885,42,593
20151126 13:32:13.000,11880,11890,11765,11885,143504,11885,40,562
20151126 13:32:14.000,11880,11890,11765,11885,143504,11885,84,562
20151126 13:32:14.000,11880,11890,11765,11885,143576,11885,49,561
20151126 13:32:15.000,11880,11890,11765,11885,143578,11885,51,560
20151126 13:32:15.000,11880,11890,11765,11885,143602,11885,48,552
20151126 13:32:16.000,11880,11890,11765,11885,143608,11885,46,551
20151126 13:32:17.000,11880,11890,11765,11885,143620,11885,47,552
20151126 13:32:17.000,11880,11890,11765,11885,143622,11885,48,551
20151126 13:32:17.000,11880,11890,11765,11885,143624,11880,47,551
20151126 13:32:18.000,11880,11890,11765,11885,143630,11885,47,548
20151126 13:32:18.000,11880,11890,11765,11885,143872,11885,30,449
20151126 13:32:19.000,11880,11890,11765,11885,143936,11885,33,417
20151126 13:32:19.000,11880,11890,11765,11885,143940,11885,35,415
20151126 13:32:20.000,11880,11890,11765,11885,143948,11885,37,412
20151126 13:32:20.000,11880,11890,11765,11885,144032,11880,37,372
20151126 13:32:21.000,11880,11890,11765,11885,144034,11885,37,371
20151126 13:32:21.000,11880,11890,11765,11885,144042,11885,46,368
20151126 13:32:22.000,11880,11890,11765,11885,144044,11885,46,369
20151126 13:32:23.000,11875,11890,11765,11880,144140,11880,162,52
20151126 13:32:23.000,11875,11890,11765,11880,144148,11880,162,48
20151126 13:32:24.000,11875,11890,11765,11880,144380,11875,161,1
20151126 13:32:24.000,11875,11890,11765,11885,144500,11875,151,348
20151126 13:32:25.000,11880,11890,11765,11885,144510,11885,113,368
20151126 13:32:26.000,11880,11890,11765,11885,144520,11885,112,365
20151126 13:32:26.000,11880,11890,11765,11885,144532,11885,113,359
20151126 13:32:27.000,11880,11890,11765,11885,144536,11885,113,360
20151126 13:32:27.000,11880,11890,11765,11885,144538,11880,122,360
20151126 13:32:28.000,11880,11890,11765,11885,144544,11885,124,357
20151126 13:32:28.000,11880,11890,11765,11885,144550,11880,123,355
20151126 13:32:29.000,11880,11890,11765,11885,144558,11885,124,352
20151126 13:32:29.000,11880,11890,11765,11885,144582,11885,131,340
20151126 13:32:30.000,11880,11890,11765,11885,144594,11885,139,334
20151126 13:32:30.000,11880,11890,11765,11885,144832,11885,140,215
20151126 13:32:31.000,11880,11890,11765,11885,144860,11885,190,204
20151126 13:32:31.000,11880,11890,11765,11885,144870,11885,190,199
20151126 13:32:32.000,11880,11890,11765,11885,144930,11885,190,179
20151126 13:32:32.000,11880,11890,11765,11885,144932,11885,190,178
20151126 13:32:33.000,11880,11890,11765,11885,144956,11885,185,171
20151126 13:32:33.000,11880,11890,11765,11885,145160,11885,185,69
20151126 13:32:34.000,11880,11890,11765,11885,145266,11880,209,68
20151126 13:32:34.000,11880,11890,11765,11885,145270,11885,210,68
20151126 13:32:35.000,11880,11890,11765,11885,145292,11885,223,57
20151126 13:32:35.000,11880,11890,11765,11885,145298,11885,222,54
20151126 13:32:36.000,11880,11890,11765,11885,145300,11885,222,53
20151126 13:32:36.000,11880,11890,11765,11885,145328,11885,222,39
20151126 13:32:37.000,11880,11890,11765,11885,145336,11885,222,36
20151126 13:32:37.000,11880,11890,11765,11885,145440,11885,147,20
20151126 13:32:38.000,11880,11890,11765,11885,145444,11885,147,51
20151126 13:32:38.000,11880,11890,11765,11885,145452,11885,147,49
20151126 13:32:39.000,11880,11890,11765,11885,145452,11885,147,69
20151126 13:32:39.000,11880,11890,11765,11885,145460,11885,147,105
20151126 13:32:40.000,11880,11890,11765,11885,145484,11885,147,93
20151126 13:32:41.000,11880,11890,11765,11885,145506,11885,147,93
20151126 13:32:41.000,11880,11890,11765,11885,145532,11885,152,80
20151126 13:32:42.000,11880,11890,11765,11885,145544,11880,150,83
20151126 13:32:43.000,11880,11890,11765,11885,145612,11885,148,52
20151126 13:32:44.000,11880,11890,11765,11885,145614,11885,148,62
20151126 13:32:44.000,11880,11890,11765,11885,145668,11885,153,38
20151126 13:32:45.000,11880,11890,11765,11885,145676,11885,153,34
20151126 13:32:45.000,11885,11890,11765,11890,145748,11890,110,891
20151126 13:32:46.000,11885,11890,11765,11890,145952,11890,113,878
20151126 13:32:46.000,11885,11890,11765,11890,145974,11885,107,895
20151126 13:32:47.000,11885,11890,11765,11890,146016,11885,87,895
20151126 13:32:47.000,11885,11890,11765,11890,146018,11890,107,894
20151126 13:32:48.000,11885,11890,11765,11890,146020,11885,129,894
20151126 13:32:49.000,11885,11890,11765,11890,146024,11890,129,892
20151126 13:32:50.000,11885,11890,11765,11890,146030,11885,138,893
20151126 13:32:50.000,11885,11890,11765,11890,146032,11890,162,892
20151126 13:32:51.000,11885,11890,11765,11890,146072,11885,142,892
20151126 13:32:51.000,11885,11890,11765,11890,146074,11890,152,891
20151126 13:32:52.000,11885,11890,11765,11890,146074,11890,154,892
20151126 13:32:53.000,11885,11890,11765,11890,146094,11890,154,892
20151126 13:32:53.000,11885,11890,11765,11890,146128,11890,154,876
20151126 13:32:54.000,11885,11890,11765,11890,146132,11890,155,875
20151126 13:32:55.000,11885,11890,11765,11890,146142,11885,158,873
20151126 13:32:55.000,11885,11890,11765,11890,146170,11890,157,860
20151126 13:32:56.000,11885,11890,11765,11890,146172,11890,157,859
20151126 13:32:57.000,11885,11890,11765,11890,146180,11885,154,859
20151126 13:32:57.000,11885,11890,11765,11890,146184,11890,155,857
20151126 13:32:58.000,11885,11890,11765,11890,146186,11885,154,857
20151126 13:32:58.000,11885,11890,11765,11890,146188,11885,153,857
20151126 13:32:59.000,11885,11890,11765,11890,146200,11890,153,851
20151126 13:33:00.000,11885,11890,11765,11890,146212,11890,154,845
20151126 13:33:00.000,11885,11890,11765,11890,146220,11890,164,841
20151126 13:33:00.000,11885,11890,11765,11890,146234,11890,164,834
20151126 13:33:01.000,11885,11890,11765,11890,146244,11890,164,829
20151126 13:33:02.000,11885,11890,11765,11890,146246,11890,169,828
20151126 13:33:02.000,11885,11890,11765,11890,146252,11885,168,827
20151126 13:33:03.000,11885,11890,11765,11890,146252,11885,170,827
20151126 13:33:03.000,11885,11890,11765,11890,146256,11890,175,825
20151126 13:33:04.000,11885,11890,11765,11890,146260,11890,175,823
20151126 13:33:05.000,11885,11890,11765,11890,146266,11890,174,840
20151126 13:33:05.000,11885,11890,11765,11890,146278,11890,174,840
20151126 13:33:06.000,11885,11890,11765,11890,146290,11890,175,855
20151126 13:33:07.000,11885,11890,11765,11890,146310,11890,176,845
20151126 13:33:07.000,11885,11890,11765,11890,146312,11890,176,882
20151126 13:33:08.000,11885,11890,11765,11890,146316,11885,174,882
20151126 13:33:08.000,11885,11890,11765,11890,146322,11890,173,879
20151126 13:33:09.000,11885,11890,11765,11890,146338,11885,173,875
20151126 13:33:10.000,11885,11890,11765,11890,146338,11885,179,875
20151126 13:33:10.000,11885,11890,11765,11890,146372,11890,128,858
20151126 13:33:11.000,11885,11890,11765,11890,146382,11890,122,856
20151126 13:33:11.000,11885,11890,11765,11890,146482,11885,72,820
20151126 13:33:12.000,11885,11890,11765,11890,146594,11885,17,820
20151126 13:33:13.000,11885,11890,11765,11890,146608,11885,13,817
20151126 13:33:13.000,11880,11890,11765,11885,146646,11885,125,37
20151126 13:33:13.000,11880,11890,11765,11885,146658,11885,125,62
20151126 13:33:14.000,11880,11890,11765,11885,146658,11885,125,65
20151126 13:33:14.000,11880,11890,11765,11885,146758,11885,125,35
20151126 13:33:15.000,11880,11890,11765,11885,146758,11885,125,89
20151126 13:33:15.000,11880,11890,11765,11885,146762,11885,125,87
20151126 13:33:16.000,11880,11890,11765,11885,146768,11885,125,104
20151126 13:33:17.000,11880,11890,11765,11885,146772,11885,125,103
20151126 13:33:17.000,11880,11890,11765,11885,146926,11885,125,26
20151126 13:33:18.000,11880,11890,11765,11885,146928,11885,125,27
20151126 13:33:18.000,11880,11890,11765,11885,146930,11885,127,28
20151126 13:33:19.000,11880,11890,11765,11885,146932,11880,126,28
20151126 13:33:20.000,11880,11890,11765,11885,146932,11880,128,31
20151126 13:33:21.000,11880,11890,11765,11885,146952,11885,127,52
20151126 13:33:21.000,11880,11890,11765,11885,146962,11880,124,87
20151126 13:33:22.000,11880,11890,11765,11885,146964,11885,124,95
20151126 13:33:23.000,11880,11890,11765,11885,147066,11885,75,106
20151126 13:33:23.000,11880,11890,11765,11885,147072,11880,80,116
20151126 13:33:23.000,11880,11890,11765,11885,147074,11880,79,118
20151126 13:33:24.000,11880,11890,11765,11885,147074,11880,79,152
20151126 13:33:24.000,11880,11890,11765,11885,147076,11880,78,152
20151126 13:33:25.000,11880,11890,11765,11885,147076,11880,78,153
20151126 13:33:26.000,11880,11890,11765,11885,147078,11880,77,153
20151126 13:33:27.000,11880,11890,11765,11885,147078,11880,78,153
20151126 13:33:28.000,11880,11890,11765,11885,147142,11885,48,151
20151126 13:33:28.000,11880,11890,11765,11885,147162,11885,48,142
20151126 13:33:29.000,11880,11890,11765,11885,147164,11885,83,106
20151126 13:33:30.000,11880,11890,11765,11885,147166,11885,48,106
20151126 13:33:30.000,11880,11890,11765,11885,147170,11880,47,106
20151126 13:33:31.000,11880,11890,11765,11885,147274,11880,52,56
20151126 13:33:32.000,11880,11890,11765,11885,147274,11880,48,66
20151126 13:33:33.000,11880,11890,11765,11885,147276,11880,47,66
20151126 13:33:33.000,11880,11890,11765,11885,147296,11880,37,72
20151126 13:33:34.000,11880,11890,11765,11885,147306,11880,32,144
20151126 13:33:34.000,11880,11890,11765,11885,147308,11885,34,166
20151126 13:33:35.000,11880,11890,11765,11885,147310,11880,34,166
20151126 13:33:35.000,11880,11890,11765,11885,147316,11885,37,163
20151126 13:33:36.000,11880,11890,11765,11885,147318,11885,38,162
20151126 13:33:36.000,11880,11890,11765,11885,147320,11880,37,162
20151126 13:33:37.000,11880,11890,11765,11885,147334,11885,36,157
20151126 13:33:37.000,11880,11890,11765,11885,147386,11885,40,141
20151126 13:33:38.000,11880,11890,11765,11885,147386,11885,41,141
20151126 13:33:39.000,11880,11890,11765,11885,147386,11885,41,146
20151126 13:33:39.000,11880,11890,11765,11885,147388,11880,40,147
20151126 13:33:40.000,11880,11890,11765,11885,147388,11880,40,148
20151126 13:33:40.000,11880,11890,11765,11885,147392,11885,43,147
20151126 13:33:41.000,11880,11890,11765,11885,147404,11880,37,149
20151126 13:33:41.000,11880,11890,11765,11885,147408,11880,36,149
20151126 13:33:42.000,11880,11890,11765,11885,147408,11880,36,151
20151126 13:33:42.000,11880,11890,11765,11885,147448,11885,34,133
20151126 13:33:43.000,11875,11890,11765,11880,147516,11880,95,26
20151126 13:33:43.000,11875,11890,11765,11880,147518,11880,95,26
20151126 13:33:44.000,11880,11890,11765,11885,147780,11885,1,31
20151126 13:33:44.000,11875,11890,11765,11885,147784,11880,95,51
20151126 13:33:45.000,11875,11890,11765,11880,147784,11880,95,2
20151126 13:33:45.000,11885,11890,11765,11890,147914,11885,18,802
20151126 13:33:46.000,11880,11890,11765,11885,147952,11885,59,2
20151126 13:33:47.000,11880,11890,11765,11885,147968,11885,99,52
20151126 13:33:48.000,11880,11890,11765,11885,147976,11880,98,52
20151126 13:33:49.000,11880,11890,11765,11885,147976,11880,125,56
20151126 13:33:50.000,11880,11890,11765,11885,147976,11880,187,36
20151126 13:33:51.000,11880,11890,11765,11885,147986,11885,198,47
20151126 13:33:52.000,11880,11890,11765,11885,147986,11885,200,48
20151126 13:33:53.000,11880,11890,11765,11885,147996,11885,201,43
20151126 13:33:53.000,11880,11890,11765,11885,148016,11880,198,43
20151126 13:33:54.000,11880,11890,11765,11885,148016,11880,199,43
20151126 13:33:55.000,11880,11890,11765,11885,148036,11885,199,69
20151126 13:33:56.000,11880,11890,11765,11885,148036,11885,206,69
20151126 13:33:56.000,11880,11890,11765,11885,148038,11885,207,68
20151126 13:33:57.000,11880,11890,11765,11885,148058,11880,197,87
20151126 13:33:58.000,11880,11890,11765,11885,148068,11885,189,122
20151126 13:33:59.000,11880,11890,11765,11885,148078,11885,189,117
20151126 13:33:59.000,11880,11890,11765,11885,148124,11880,167,82
20151126 13:34:00.000,11880,11890,11765,11885,148152,11885,153,113
20151126 13:34:01.000,11880,11890,11765,11885,148160,11880,150,115
20151126 13:34:02.000,11875,11890,11765,11880,148460,11880,110,51
20151126 13:34:02.000,11875,11890,11765,11880,148470,11880,110,46
20151126 13:34:03.000,11875,11890,11765,11880,148472,11875,109,81
20151126 13:34:04.000,11875,11890,11765,11880,148482,11880,109,76
20151126 13:34:05.000,11875,11890,11765,11880,148482,11880,109,100
20151126 13:34:05.000,11875,11890,11765,11880,148486,11880,109,98
20151126 13:34:06.000,11875,11890,11765,11880,148490,11880,110,97
20151126 13:34:06.000,11875,11890,11765,11880,148546,11880,110,69
20151126 13:34:07.000,11875,11890,11765,11880,148546,11880,110,34
20151126 13:34:08.000,11875,11890,11765,11880,148550,11880,110,63
20151126 13:34:08.000,11875,11890,11765,11880,148552,11880,110,62
20151126 13:34:09.000,11875,11890,11765,11880,148554,11880,110,61
20151126 13:34:09.000,11875,11890,11765,11880,148650,11880,63,60
20151126 13:34:10.000,11875,11890,11765,11880,148654,11880,63,115
20151126 13:34:11.000,11875,11890,11765,11880,148654,11880,98,110
20151126 13:34:11.000,11875,11890,11765,11880,148698,11880,98,88
20151126 13:34:12.000,11875,11890,11765,11880,148698,11880,96,89
20151126 13:34:12.000,11875,11890,11765,11880,148702,11880,98,87
20151126 13:34:13.000,11875,11890,11765,11880,148712,11875,94,89
20151126 13:34:14.000,11875,11890,11765,11880,148828,11880,98,37
20151126 13:34:15.000,11875,11890,11765,11880,148828,11880,149,40
20151126 13:34:17.000,11875,11890,11765,11880,148844,11880,149,32
20151126 13:34:18.000,11875,11890,11765,11880,148846,11875,148,34
20151126 13:34:19.000,11875,11890,11765,11880,148850,11875,146,56
20151126 13:34:20.000,11875,11890,11765,11880,148850,11875,146,62
20151126 13:34:21.000,11875,11890,11765,11880,148856,11880,144,63
20151126 13:34:22.000,11875,11890,11765,11880,148956,11880,144,13
20151126 13:34:24.000,11880,11890,11765,11885,148986,11880,14,203
20151126 13:34:24.000,11880,11890,11765,11885,148988,11880,48,203
20151126 13:34:25.000,11880,11890,11765,11885,148990,11880,47,203
20151126 13:34:25.000,11880,11890,11765,11885,148992,11880,48,203
20151126 13:34:26.000,11880,11890,11765,11885,149000,11885,47,206
20151126 13:34:26.000,11880,11890,11765,11885,149002,11880,96,206
20151126 13:34:27.000,11880,11890,11765,11885,149002,11880,118,206
20151126 13:34:28.000,11880,11890,11765,11885,149068,11880,87,206
20151126 13:34:29.000,11880,11890,11765,11885,149108,11880,56,206
20151126 13:34:30.000,11880,11890,11765,11885,149110,11880,55,206
20151126 13:34:30.000,11880,11890,11765,11885,149140,11885,66,204
20151126 13:34:31.000,11880,11890,11765,11885,149140,11885,70,204
20151126 13:34:31.000,11880,11890,11765,11885,149150,11880,73,204
20151126 13:34:32.000,11880,11890,11765,11885,149150,11880,93,203
20151126 13:34:33.000,11880,11890,11765,11885,149190,11880,74,203
20151126 13:34:33.000,11880,11890,11765,11885,149192,11885,74,202
20151126 13:34:34.000,11880,11890,11765,11885,149192,11885,74,212
20151126 13:34:35.000,11880,11890,11765,11885,149192,11885,76,224
20151126 13:34:35.000,11880,11890,11765,11885,149198,11885,76,223
20151126 13:34:36.000,11880,11890,11765,11885,149200,11885,77,223
20151126 13:34:36.000,11880,11890,11765,11885,149204,11880,75,223
20151126 13:34:37.000,11880,11890,11765,11885,149206,11885,85,224
20151126 13:34:38.000,11880,11890,11765,11885,149206,11885,97,224
20151126 13:34:38.000,11880,11890,11765,11885,149208,11880,96,224
20151126 13:34:39.000,11880,11890,11765,11885,149218,11880,97,224
20151126 13:34:40.000,11880,11890,11765,11885,149238,11885,98,228
20151126 13:34:42.000,11880,11890,11765,11885,149240,11880,99,228
20151126 13:34:42.000,11880,11890,11765,11885,149244,11880,104,228
20151126 13:34:44.000,11880,11890,11765,11885,149308,11880,72,236
20151126 13:34:45.000,11880,11890,11765,11885,149314,11885,71,234
20151126 13:34:46.000,11880,11890,11765,11885,149374,11885,71,204
20151126 13:34:46.000,11880,11890,11765,11885,149390,11885,74,196
20151126 13:34:47.000,11880,11890,11765,11885,149390,11885,75,196
20151126 13:34:47.000,11880,11890,11765,11885,149394,11880,75,196
20151126 13:34:49.000,11880,11890,11765,11885,149394,11880,76,201
20151126 13:34:49.000,11880,11890,11765,11885,149594,11885,76,91
20151126 13:34:50.000,11880,11890,11765,11885,149594,11885,78,91
20151126 13:34:50.000,11880,11890,11765,11885,149600,11885,98,88
20151126 13:34:51.000,11880,11890,11765,11885,149666,11885,99,56
20151126 13:34:52.000,11880,11890,11765,11885,149668,11885,99,52
20151126 13:34:53.000,11880,11890,11765,11885,149668,11885,100,52
20151126 13:34:53.000,11880,11890,11765,11885,149670,11885,100,51
20151126 13:34:53.000,11880,11890,11765,11885,149674,11885,100,59
20151126 13:34:54.000,11880,11890,11765,11885,149676,11885,100,58
20151126 13:34:54.000,11880,11890,11765,11885,149796,11885,50,58
20151126 13:34:55.000,11880,11890,11765,11885,149798,11885,50,90
20151126 13:34:56.000,11880,11890,11765,11885,149798,11885,51,88
20151126 13:34:57.000,11880,11890,11765,11885,149996,11885,65,1
20151126 13:34:57.000,11885,11890,11765,11890,150004,11885,48,826
20151126 13:34:57.000,11885,11890,11765,11890,150066,11885,3,801
20151126 13:34:58.000,11885,11890,11765,11890,150098,11885,11,787
20151126 13:34:58.000,11880,11890,11765,11885,150120,11885,135,11
20151126 13:34:59.000,11880,11890,11765,11890,150330,11890,135,693
20151126 13:35:00.000,11885,11890,11765,11890,150336,11890,6,690
20151126 13:35:00.000,11885,11890,11765,11890,150338,11890,61,686
20151126 13:35:00.000,11885,11890,11765,11890,150344,11885,80,684
20151126 13:35:01.000,11885,11890,11765,11890,150348,11885,79,683
20151126 13:35:02.000,11885,11890,11765,11890,150358,11890,80,678
20151126 13:35:02.000,11880,11890,11765,11890,150898,11890,78,589
20151126 13:35:02.000,11885,11890,11765,11890,151008,11890,2,534
20151126 13:35:03.000,11885,11890,11765,11890,151024,11890,23,526
20151126 13:35:04.000,11885,11890,11765,11890,151026,11885,44,528
20151126 13:35:05.000,11885,11890,11765,11890,151278,11885,19,444
20151126 13:35:06.000,11885,11890,11765,11890,151282,11890,19,445
20151126 13:35:07.000,11885,11890,11765,11890,151286,11885,22,445
20151126 13:35:08.000,11885,11890,11765,11890,151292,11890,24,442
20151126 13:35:09.000,11885,11890,11765,11890,151306,11890,24,435
20151126 13:35:09.000,11885,11890,11765,11890,151348,11885,8,434
20151126 13:35:09.000,11885,11890,11765,11890,151352,11885,8,434
20151126 13:35:10.000,11885,11890,11765,11890,151356,11890,14,472
20151126 13:35:10.000,11885,11890,11765,11890,151360,11890,15,476
20151126 13:35:11.000,11885,11890,11765,11890,151798,11885,5,268
20151126 13:35:12.000,11885,11890,11765,11890,151798,11885,28,268
20151126 13:35:12.000,11885,11890,11765,11890,151858,11890,30,238
20151126 13:35:13.000,11885,11890,11765,11890,151884,11890,30,226
20151126 13:35:13.000,11885,11890,11765,11890,151894,11885,25,226
20151126 13:35:14.000,11885,11890,11765,11890,151898,11885,27,263
20151126 13:35:14.000,11885,11890,11765,11890,151908,11890,25,262
20151126 13:35:15.000,11885,11890,11765,11890,151910,11885,64,262
20151126 13:35:15.000,11885,11890,11765,11890,151924,11890,64,255
20151126 13:35:16.000,11885,11890,11765,11890,151980,11890,44,247
20151126 13:35:17.000,11885,11890,11765,11890,151980,11890,65,247
20151126 13:35:17.000,11885,11890,11765,11890,151982,11890,66,247
20151126 13:35:19.000,11885,11890,11765,11890,152004,11890,66,236
20151126 13:35:19.000,11885,11890,11765,11890,152044,11890,67,216
20151126 13:35:20.000,11885,11890,11765,11890,152044,11890,68,216
20151126 13:35:21.000,11885,11890,11765,11890,152344,11890,66,68
20151126 13:35:22.000,11880,11890,11765,11885,152518,11885,35,15
20151126 13:35:22.000,11880,11890,11765,11885,152548,11885,35,33
20151126 13:35:23.000,11885,11890,11765,11890,152634,11890,34,82
20151126 13:35:23.000,11890,11890,11765,11895,152886,11890,76,952
20151126 13:35:24.000,11890,11890,11765,11895,152894,11890,72,952
20151126 13:35:24.000,11890,11895,11765,11895,152970,11895,39,947
20151126 13:35:25.000,11885,11895,11765,11890,153142,11885,59,2
20151126 13:35:25.000,11885,11895,11765,11890,153160,11890,99,5
20151126 13:35:26.000,11885,11895,11765,11890,153178,11890,99,33
20151126 13:35:26.000,11885,11895,11765,11890,153180,11885,98,34
20151126 13:35:27.000,11885,11895,11765,11890,153200,11890,98,30
20151126 13:35:27.000,11885,11895,11765,11895,153400,11895,98,843
20151126 13:35:27.000,11885,11895,11765,11895,153482,11895,98,823
20151126 13:35:28.000,11890,11895,11765,11895,153490,11895,47,819
20151126 13:35:28.000,11890,11895,11765,11895,153494,11895,48,817
20151126 13:35:29.000,11890,11895,11765,11895,153496,11895,69,816
20151126 13:35:29.000,11890,11895,11765,11895,153504,11895,69,812
20151126 13:35:30.000,11890,11895,11765,11895,153530,11890,57,812
20151126 13:35:31.000,11890,11895,11765,11895,153546,11895,54,827
20151126 13:35:31.000,11890,11895,11765,11895,153548,11895,54,826
20151126 13:35:32.000,11890,11895,11765,11895,153550,11895,55,825
20151126 13:35:33.000,11890,11895,11765,11895,153566,11895,55,817
20151126 13:35:34.000,11890,11895,11765,11895,153904,11895,56,653
20151126 13:35:34.000,11890,11895,11765,11895,153914,11890,56,653
20151126 13:35:35.000,11890,11895,11765,11895,153914,11890,158,665
20151126 13:35:36.000,11890,11895,11765,11895,153916,11895,163,664
20151126 13:35:36.000,11890,11895,11765,11895,153924,11895,163,660
20151126 13:35:37.000,11890,11895,11765,11895,153930,11890,213,660
20151126 13:35:38.000,11890,11895,11765,11895,154040,11895,219,606
20151126 13:35:39.000,11890,11895,11765,11895,154604,11895,220,326
20151126 13:35:39.000,11890,11895,11765,11895,154658,11895,220,332
20151126 13:35:40.000,11890,11895,11765,11895,154670,11895,220,326
20151126 13:35:40.000,11890,11895,11765,11895,154840,11895,220,241
20151126 13:35:40.000,11890,11895,11765,11895,154842,11895,221,240
20151126 13:35:41.000,11890,11895,11765,11895,154866,11890,228,230
20151126 13:35:42.000,11890,11895,11765,11895,154876,11895,231,225
20151126 13:35:43.000,11890,11895,11765,11895,154880,11890,225,225
20151126 13:35:43.000,11890,11895,11765,11895,154886,11895,245,222
20151126 13:35:44.000,11890,11895,11765,11895,154892,11895,245,219
20151126 13:35:44.000,11890,11895,11765,11895,154902,11895,246,214
20151126 13:35:45.000,11890,11895,11765,11895,154974,11890,242,184
20151126 13:35:45.000,11890,11895,11765,11895,154976,11895,242,183
20151126 13:35:46.000,11890,11895,11765,11895,154990,11895,242,176
20151126 13:35:46.000,11890,11895,11765,11895,154998,11895,250,173
20151126 13:35:47.000,11890,11895,11765,11895,155126,11895,221,139
20151126 13:35:47.000,11890,11895,11765,11895,155138,11895,222,133
20151126 13:35:48.000,11890,11895,11765,11895,155152,11895,223,126
20151126 13:35:48.000,11890,11895,11765,11895,155158,11895,224,123
20151126 13:35:49.000,11890,11895,11765,11895,155170,11895,225,117
20151126 13:35:49.000,11890,11895,11765,11895,155188,11895,228,108
20151126 13:35:50.000,11890,11895,11765,11895,155200,11895,231,102
20151126 13:35:50.000,11890,11895,11765,11895,155206,11895,232,99
20151126 13:35:51.000,11890,11895,11765,11895,155210,11895,233,99
20151126 13:35:51.000,11890,11895,11765,11895,155220,11895,235,104
20151126 13:35:52.000,11890,11895,11765,11895,155226,11895,234,121
20151126 13:35:52.000,11890,11895,11765,11895,155258,11895,236,105
20151126 13:35:53.000,11890,11895,11765,11895,155260,11895,237,104
20151126 13:35:54.000,11890,11895,11765,11895,155262,11895,243,103
20151126 13:35:54.000,11890,11895,11765,11895,155268,11895,245,100
20151126 13:35:55.000,11895,11895,11765,11900,155502,11895,91,2166
20151126 13:35:55.000,11895,11895,11765,11900,155602,11895,41,2166
20151126 13:35:56.000,11895,11900,11765,11900,155610,11900,41,2165
20151126 13:35:56.000,11895,11900,11765,11900,155986,11900,36,2112
20151126 13:35:57.000,11895,11900,11765,11900,156986,11895,44,1650
20151126 13:35:57.000,11895,11900,11765,11900,156996,11900,46,1646
20151126 13:35:57.000,11895,11900,11765,11900,156998,11900,46,1645
20151126 13:35:58.000,11895,11900,11765,11900,157002,11900,63,1646
20151126 13:35:59.000,11895,11900,11765,11900,157020,11900,63,1637
20151126 13:35:59.000,11895,11900,11765,11900,157058,11895,83,1623
20151126 13:36:00.000,11895,11900,11765,11900,157070,11900,83,1617
20151126 13:36:00.000,11895,11900,11765,11900,157078,11900,83,1614
20151126 13:36:01.000,11895,11900,11765,11900,157082,11900,83,1622
20151126 13:36:01.000,11895,11900,11765,11900,157098,11895,75,1624
20151126 13:36:02.000,11895,11900,11765,11900,157112,11895,91,1621
20151126 13:36:02.000,11895,11900,11765,11900,157132,11900,94,1612
20151126 13:36:03.000,11895,11900,11765,11900,157160,11900,107,1599
20151126 13:36:03.000,11895,11900,11765,11900,157162,11900,115,1598
20151126 13:36:04.000,11895,11900,11765,11900,157226,11900,115,1569
20151126 13:36:04.000,11895,11900,11765,11900,157232,11895,112,1579
20151126 13:36:05.000,11895,11900,11765,11900,157244,11895,111,1582
20151126 13:36:05.000,11895,11900,11765,11900,157252,11900,111,1584
20151126 13:36:06.000,11895,11900,11765,11900,157254,11900,116,1590
20151126 13:36:06.000,11895,11900,11765,11900,157354,11895,66,1590
20151126 13:36:07.000,11895,11900,11765,11900,157366,11900,66,1575
20151126 13:36:07.000,11895,11900,11765,11900,157386,11895,56,1575
20151126 13:36:08.000,11890,11900,11765,11895,157700,11900,240,20
20151126 13:36:09.000,11890,11900,11765,11895,157720,11895,239,53
20151126 13:36:09.000,11890,11900,11765,11895,157742,11895,239,42
20151126 13:36:10.000,11890,11900,11765,11895,157784,11890,220,41
20151126 13:36:10.000,11890,11900,11765,11895,157836,11895,221,80
20151126 13:36:11.000,11890,11900,11765,11895,157850,11895,222,73
20151126 13:36:11.000,11890,11900,11765,11895,157882,11895,221,58
20151126 13:36:12.000,11890,11900,11765,11895,157888,11895,221,40
20151126 13:36:12.000,11890,11900,11765,11895,157894,11895,221,48
20151126 13:36:13.000,11890,11900,11765,11895,157902,11890,218,73
20151126 13:36:14.000,11890,11900,11765,11895,157914,11895,221,42
20151126 13:36:14.000,11890,11900,11765,11895,157936,11895,211,51
20151126 13:36:15.000,11890,11900,11765,11895,157942,11895,211,48
20151126 13:36:16.000,11890,11900,11765,11895,158014,11895,211,12
20151126 13:36:16.000,11890,11900,11765,11895,158018,11895,210,12
20151126 13:36:17.000,11890,11900,11765,11895,158030,11895,211,8
20151126 13:36:17.000,11895,11900,11765,11900,158048,11895,5,1557
20151126 13:36:18.000,11895,11900,11765,11900,158048,11895,49,1557
20151126 13:36:19.000,11895,11900,11765,11900,158058,11895,44,1557
20151126 13:36:20.000,11895,11900,11765,11900,158062,11895,46,1558
20151126 13:36:20.000,11895,11900,11765,11900,158084,11900,38,1556
20151126 13:36:21.000,11895,11900,11765,11900,158088,11895,41,1556
20151126 13:36:21.000,11895,11900,11765,11900,158090,11895,40,1556
20151126 13:36:22.000,11895,11900,11765,11900,158104,11900,40,1550
20151126 13:36:22.000,11895,11900,11765,11900,158116,11900,36,1548
20151126 13:36:23.000,11890,11900,11765,11895,158212,11895,215,7
20151126 13:36:23.000,11890,11900,11765,11895,158222,11890,214,3
20151126 13:36:24.000,11890,11900,11765,11895,158224,11890,216,8
20151126 13:36:24.000,11890,11900,11765,11895,158232,11890,214,28
20151126 13:36:25.000,11890,11900,11765,11895,158232,11890,216,28
20151126 13:36:25.000,11890,11900,11765,11895,158270,11895,216,10
20151126 13:36:26.000,11890,11900,11765,11895,158282,11895,214,5
20151126 13:36:27.000,11890,11900,11765,11895,158284,11895,214,4
20151126 13:36:27.000,11890,11900,11765,11895,158286,11895,215,3
20151126 13:36:28.000,11890,11900,11765,11895,158290,11895,219,2
20151126 13:36:29.000,11895,11900,11765,11900,158314,11895,4,1551
20151126 13:36:30.000,11895,11900,11765,11900,158318,11900,42,1549
20151126 13:36:31.000,11895,11900,11765,11900,158318,11900,42,1544
20151126 13:36:31.000,11895,11900,11765,11900,158398,11895,2,1544
20151126 13:36:32.000,11890,11900,11765,11895,158402,11895,218,5
20151126 13:36:33.000,11890,11900,11765,11900,158422,11900,219,1540
20151126 13:36:33.000,11895,11900,11765,11900,158482,11900,5,1512
20151126 13:36:34.000,11895,11900,11765,11900,158486,11900,6,1510
20151126 13:36:34.000,11895,11900,11765,11900,158506,11900,6,1489
20151126 13:36:35.000,11895,11900,11765,11900,158508,11900,6,1499
20151126 13:36:35.000,11895,11900,11765,11900,158512,11895,15,1498
20151126 13:36:36.000,11890,11900,11765,11895,158542,11895,219,6
20151126 13:36:36.000,11890,11900,11765,11895,158544,11895,319,11
20151126 13:36:37.000,11890,11900,11765,11895,158548,11895,319,9
20151126 13:36:37.000,11890,11900,11765,11900,158574,11900,319,1497
20151126 13:36:38.000,11895,11900,11765,11900,158576,11890,2,1497
20151126 13:36:39.000,11890,11900,11765,11900,158782,11900,318,1463
20151126 13:36:40.000,11890,11900,11765,11895,158796,11895,318,49
20151126 13:36:41.000,11890,11900,11765,11895,158798,11895,318,48
20151126 13:36:41.000,11890,11900,11765,11895,158822,11895,317,3
20151126 13:36:42.000,11890,11900,11765,11895,158822,11895,317,4
20151126 13:36:43.000,11890,11900,11765,11895,158826,11890,315,4
20151126 13:36:43.000,11890,11900,11765,11895,158828,11895,316,38
20151126 13:36:44.000,11890,11900,11765,11895,158832,11895,316,37
20151126 13:36:44.000,11890,11900,11765,11895,158838,11895,316,34
20151126 13:36:45.000,11895,11900,11765,11900,158926,11895,57,1466
20151126 13:36:46.000,11895,11900,11765,11900,158926,11895,57,1483
20151126 13:36:46.000,11895,11900,11765,11900,158978,11895,99,1477
20151126 13:36:47.000,11895,11900,11765,11900,159060,11900,59,1476
20151126 13:36:47.000,11895,11900,11765,11900,159064,11900,75,1474
20151126 13:36:48.000,11895,11900,11765,11900,159070,11900,74,1472
20151126 13:36:48.000,11895,11900,11765,11900,159076,11900,74,1472
20151126 13:36:49.000,11895,11900,11765,11900,159120,11895,44,1472
20151126 13:36:49.000,11895,11900,11765,11900,159126,11900,44,1470
20151126 13:36:50.000,11895,11900,11765,11900,159134,11900,54,1466
20151126 13:36:50.000,11895,11900,11765,11900,159146,11900,53,1462
20151126 13:36:51.000,11895,11900,11765,11900,159152,11900,51,1461
20151126 13:36:51.000,11895,11900,11765,11900,159162,11895,48,1480
20151126 13:36:51.000,11895,11900,11765,11900,159362,11900,52,1380
20151126 13:36:52.000,11895,11900,11765,11900,159366,11900,54,1379
20151126 13:36:53.000,11895,11900,11765,11900,159372,11900,54,1376
20151126 13:36:53.000,11895,11900,11765,11900,159376,11900,61,1374
20151126 13:36:53.000,11895,11900,11765,11900,159380,11900,61,1372
20151126 13:36:54.000,11895,11900,11765,11900,159386,11900,61,1369
20151126 13:36:55.000,11895,11900,11765,11900,159506,11900,5,1366
20151126 13:36:55.000,11895,11900,11765,11900,159508,11895,44,1366
20151126 13:36:55.000,11895,11900,11765,11900,159510,11900,44,1365
20151126 13:36:56.000,11895,11900,11765,11900,159510,11900,45,1363
20151126 13:36:57.000,11895,11900,11765,11900,159510,11900,46,1363
20151126 13:36:57.000,11895,11900,11765,11900,159558,11895,45,1340
20151126 13:36:58.000,11895,11900,11765,11900,159558,11895,46,1340
20151126 13:36:59.000,11895,11900,11765,11900,159578,11895,45,1332
20151126 13:36:59.000,11895,11900,11765,11900,159598,11895,37,1332
20151126 13:37:00.000,11895,11900,11765,11900,159602,11900,39,1330
20151126 13:37:00.000,11895,11900,11765,11900,159622,11900,51,1320
20151126 13:37:00.000,11895,11900,11765,11900,159830,11900,54,1216
20151126 13:37:01.000,11895,11900,11765,11900,159840,11900,55,1211
20151126 13:37:01.000,11895,11900,11765,11900,159860,11895,45,1214
20151126 13:37:02.000,11895,11900,11765,11900,159862,11900,46,1213
20151126 13:37:03.000,11895,11900,11765,11900,159866,11900,48,1211
20151126 13:37:03.000,11895,11900,11765,11900,159868,11900,54,1210
20151126 13:37:03.000,11895,11900,11765,11900,159870,11895,53,1210
20151126 13:37:04.000,11895,11900,11765,11900,159872,11900,53,1211
20151126 13:37:05.000,11895,11900,11765,11900,159884,11895,47,1227
20151126 13:37:06.000,11895,11900,11765,11900,159888,11895,55,1226
20151126 13:37:06.000,11895,11900,11765,11900,159890,11900,59,1225
20151126 13:37:07.000,11895,11900,11765,11900,159894,11900,65,1223
20151126 13:37:08.000,11895,11900,11765,11900,159896,11895,65,1223
20151126 13:37:09.000,11895,11900,11765,11900,159898,11895,64,1223
20151126 13:37:10.000,11890,11900,11765,11895,160036,11895,336,32
20151126 13:37:10.000,11890,11900,11765,11895,160038,11890,335,32
20151126 13:37:11.000,11890,11900,11765,11895,160082,11895,336,30
20151126 13:37:12.000,11890,11900,11765,11895,160084,11895,336,39
20151126 13:37:13.000,11890,11900,11765,11895,160094,11890,333,38
20151126 13:37:13.000,11890,11900,11765,11895,160150,11895,313,30
20151126 13:37:14.000,11890,11900,11765,11895,160158,11895,293,28
20151126 13:37:15.000,11890,11900,11765,11895,160210,11890,267,86
20151126 13:37:15.000,11890,11900,11765,11895,160212,11895,267,86
20151126 13:37:16.000,11890,11900,11765,11895,160220,11895,267,104
20151126 13:37:16.000,11890,11900,11765,11895,160222,11895,267,104
20151126 13:37:17.000,11890,11900,11765,11895,160224,11895,265,115
20151126 13:37:18.000,11890,11900,11765,11895,160224,11895,264,116
20151126 13:37:19.000,11890,11900,11765,11895,160234,11895,265,112
20151126 13:37:19.000,11890,11900,11765,11895,160244,11895,265,107
20151126 13:37:20.000,11890,11900,11765,11895,160244,11895,268,107
20151126 13:37:21.000,11890,11900,11765,11895,160256,11890,266,103
20151126 13:37:21.000,11890,11900,11765,11895,160260,11895,266,101
20151126 13:37:21.000,11890,11900,11765,11895,160268,11895,266,97
20151126 13:37:23.000,11890,11900,11765,11895,160268,11895,266,98
20151126 13:37:24.000,11890,11900,11765,11895,160270,11890,265,101
20151126 13:37:24.000,11890,11900,11765,11895,160272,11895,265,150
20151126 13:37:24.000,11890,11900,11765,11895,160274,11890,264,150
20151126 13:37:26.000,11890,11900,11765,11895,160474,11890,164,150
20151126 13:37:26.000,11890,11900,11765,11895,160488,11890,158,170
20151126 13:37:26.000,11885,11900,11765,11890,160806,11890,263,43
20151126 13:37:27.000,11885,11900,11765,11890,160806,11890,263,55
20151126 13:37:29.000,11885,11900,11765,11890,160816,11885,270,58
20151126 13:37:29.000,11885,11900,11765,11890,160876,11890,270,28
20151126 13:37:30.000,11885,11900,11765,11890,160888,11890,269,22
20151126 13:37:30.000,11890,11900,11765,11895,160942,11890,29,195
20151126 13:37:31.000,11890,11900,11765,11895,160942,11890,63,215
20151126 13:37:31.000,11890,11900,11765,11895,160972,11890,48,215
20151126 13:37:32.000,11890,11900,11765,11895,160992,11890,38,215
20151126 13:37:33.000,11890,11900,11765,11895,161012,11895,43,206
20151126 13:37:34.000,11890,11900,11765,11895,161042,11890,28,206
20151126 13:37:34.000,11890,11900,11765,11895,161062,11890,14,230
20151126 13:37:36.000,11890,11900,11765,11895,161078,11895,14,222
20151126 13:37:36.000,11890,11900,11765,11895,161080,11895,18,221
20151126 13:37:37.000,11890,11900,11765,11895,161080,11895,18,222
20151126 13:37:37.000,11890,11900,11765,11895,161088,11890,15,222
20151126 13:37:38.000,11890,11900,11765,11895,161122,11895,10,206
20151126 13:37:38.000,11890,11900,11765,11895,161134,11895,14,200
20151126 13:37:39.000,11890,11900,11765,11895,161156,11890,3,202
20151126 13:37:40.000,11885,11900,11765,11890,161256,11885,224,47
20151126 13:37:41.000,11885,11900,11765,11890,161258,11890,224,47
20151126 13:37:42.000,11885,11900,11765,11890,161298,11890,224,27
20151126 13:37:42.000,11885,11900,11765,11890,161306,11890,224,3
20151126 13:37:42.000,11885,11900,11765,11890,161308,11885,223,3
20151126 13:37:43.000,11885,11900,11765,11890,161308,11885,223,28
20151126 13:37:44.000,11885,11900,11765,11890,161308,11885,223,29
20151126 13:37:44.000,11885,11900,11765,11890,161332,11890,223,17
20151126 13:37:45.000,11885,11900,11765,11890,161334,11890,225,26
20151126 13:37:45.000,11885,11900,11765,11890,161338,11890,234,15
20151126 13:37:46.000,11885,11900,11765,11890,161354,11890,236,13
20151126 13:37:47.000,11885,11900,11765,11890,161390,11890,236,5
20151126 13:37:48.000,11885,11900,11765,11890,161390,11890,236,7
20151126 13:37:48.000,11890,11900,11765,11895,161404,11890,26,202
20151126 13:37:49.000,11890,11900,11765,11895,161404,11890,27,202
20151126 13:37:50.000,11890,11900,11765,11895,161416,11890,27,202
20151126 13:37:51.000,11890,11900,11765,11895,161418,11890,6,201
20151126 13:37:52.000,11890,11900,11765,11895,161442,11890,24,201
20151126 13:37:53.000,11885,11900,11765,11890,161452,11890,240,31
20151126 13:37:53.000,11885,11900,11765,11890,161456,11890,240,44
20151126 13:37:54.000,11885,11900,11765,11890,161468,11890,240,38
20151126 13:37:54.000,11885,11900,11765,11890,161492,11890,239,28
20151126 13:37:54.000,11885,11900,11765,11890,161494,11890,238,13
20151126 13:37:55.000,11885,11900,11765,11890,161514,11890,238,3
20151126 13:37:56.000,11885,11900,11765,11890,161516,11890,238,2
20151126 13:37:56.000,11885,11900,11765,11890,161520,11890,238,15
20151126 13:37:57.000,11885,11900,11765,11890,161528,11885,236,15
20151126 13:37:59.000,11885,11900,11765,11890,161550,11890,236,5
20151126 13:38:00.000,11890,11900,11765,11895,161560,11890,7,253
20151126 13:38:01.000,11890,11900,11765,11895,161564,11890,5,262
20151126 13:38:02.000,11890,11900,11765,11895,161564,11890,7,263
20151126 13:38:02.000,11890,11900,11765,11895,161568,11890,6,262
20151126 13:38:03.000,11890,11900,11765,11895,161572,11890,5,266
20151126 13:38:04.000,11890,11900,11765,11895,161574,11890,5,266
20151126 13:38:05.000,11890,11900,11765,11895,161574,11890,5,252
20151126 13:38:06.000,11890,11900,11765,11895,161596,11890,2,260
20151126 13:38:06.000,11885,11900,11765,11895,161600,11890,231,277
20151126 13:38:07.000,11885,11900,11765,11895,161600,11890,331,276
20151126 13:38:07.000,11885,11900,11765,11890,161618,11885,322,37
20151126 13:38:07.000,11885,11900,11765,11895,161718,11895,322,278
20151126 13:38:08.000,11885,11900,11765,11890,161718,11895,322,11
20151126 13:38:10.000,11890,11900,11765,11895,161742,11890,6,279
20151126 13:38:10.000,11890,11900,11765,11895,161744,11890,6,281
20151126 13:38:11.000,11890,11900,11765,11895,161744,11890,20,281
20151126 13:38:12.000,11890,11900,11765,11895,161744,11890,60,301
20151126 13:38:13.000,11890,11900,11765,11895,161778,11890,78,287
20151126 13:38:14.000,11890,11900,11765,11895,161884,11890,76,242
20151126 13:38:15.000,11890,11900,11765,11895,161884,11890,132,243
20151126 13:38:15.000,11890,11900,11765,11895,161896,11890,127,244
20151126 13:38:16.000,11890,11900,11765,11895,161896,11890,139,256
20151126 13:38:17.000,11890,11900,11765,11895,161900,11890,104,276
20151126 13:38:18.000,11890,11900,11765,11895,161922,11895,146,265
20151126 13:38:19.000,11890,11900,11765,11895,161924,11895,171,267
20151126 13:38:19.000,11890,11900,11765,11895,161928,11895,186,268
20151126 13:38:20.000,11890,11900,11765,11895,161938,11890,181,268
20151126 13:38:21.000,11890,11900,11765,11895,161942,11890,194,268
20151126 13:38:22.000,11890,11900,11765,11895,161942,11890,193,272
20151126 13:38:23.000,11890,11900,11765,11895,161982,11895,194,253
20151126 13:38:24.000,11890,11900,11765,11895,161984,11890,193,253
20151126 13:38:24.000,11890,11900,11765,11895,162010,11895,194,240
20151126 13:38:25.000,11890,11900,11765,11895,162020,11890,189,190
20151126 13:38:25.000,11890,11900,11765,11895,162046,11890,176,189
20151126 13:38:26.000,11890,11900,11765,11895,162046,11890,176,150
20151126 13:38:28.000,11890,11900,11765,11895,162052,11895,177,143
20151126 13:38:28.000,11890,11900,11765,11895,162064,11895,176,157
20151126 13:38:29.000,11890,11900,11765,11895,162086,11895,176,164
20151126 13:38:30.000,11890,11900,11765,11895,162112,11895,176,151
20151126 13:38:30.000,11890,11900,11765,11895,162168,11895,170,128
20151126 13:38:31.000,11890,11900,11765,11895,162218,11895,170,103
20151126 13:38:31.000,11890,11900,11765,11895,162248,11895,159,100
20151126 13:38:32.000,11890,11900,11765,11895,162292,11895,122,84
20151126 13:38:32.000,11890,11900,11765,11895,162322,11895,122,70
20151126 13:38:33.000,11890,11900,11765,11895,162358,11895,123,52
20151126 13:38:33.000,11890,11900,11765,11895,162364,11895,117,50
20151126 13:38:34.000,11890,11900,11765,11895,162364,11895,114,51
20151126 13:38:35.000,11890,11900,11765,11895,162364,11895,116,68
20151126 13:38:35.000,11890,11900,11765,11895,162378,11895,121,61
20151126 13:38:36.000,11890,11900,11765,11895,162382,11890,120,61
20151126 13:38:36.000,11890,11900,11765,11895,162422,11890,101,61
20151126 13:38:37.000,11890,11900,11765,11895,162486,11890,82,60
20151126 13:38:38.000,11890,11900,11765,11895,162488,11890,81,62
20151126 13:38:39.000,11890,11900,11765,11895,162488,11890,92,142
20151126 13:38:40.000,11890,11900,11765,11895,162588,11895,92,92
20151126 13:38:41.000,11890,11900,11765,11895,162588,11895,103,95
20151126 13:38:42.000,11890,11900,11765,11895,162590,11895,102,99
20151126 13:38:44.000,11890,11900,11765,11895,162594,11890,100,99
20151126 13:38:44.000,11890,11900,11765,11895,162694,11895,112,49
20151126 13:38:45.000,11890,11900,11765,11895,162694,11895,112,50
20151126 13:38:46.000,11890,11900,11765,11895,162694,11895,112,49
20151126 13:38:47.000,11890,11900,11765,11895,162694,11895,171,49
20151126 13:38:47.000,11890,11900,11765,11895,162696,11890,170,99
20151126 13:38:48.000,11890,11900,11765,11895,162702,11895,169,102
20151126 13:38:49.000,11890,11900,11765,11895,162706,11895,169,100
20151126 13:38:50.000,11890,11900,11765,11895,162706,11895,169,101
20151126 13:38:51.000,11890,11900,11765,11895,162708,11895,172,100
20151126 13:38:52.000,11890,11900,11765,11895,162708,11895,172,104
20151126 13:38:53.000,11890,11900,11765,11895,162708,11895,172,105
20151126 13:38:54.000,11890,11900,11765,11895,162710,11890,171,105
20151126 13:38:54.000,11890,11900,11765,11895,162712,11895,171,105
20151126 13:38:56.000,11890,11900,11765,11895,162712,11895,172,105
20151126 13:38:56.000,11885,11900,11765,11890,163056,11890,355,30
20151126 13:38:58.000,11885,11900,11765,11890,163058,11885,354,31
20151126 13:38:58.000,11885,11900,11765,11890,163064,11890,354,28
20151126 13:38:59.000,11885,11900,11765,11890,163068,11890,354,36
20151126 13:39:00.000,11885,11900,11765,11890,163070,11885,351,36
20151126 13:39:00.000,11885,11900,11765,11890,163090,11890,351,26
20151126 13:39:02.000,11885,11900,11765,11890,163092,11885,350,36
20151126 13:39:04.000,11885,11900,11765,11890,163092,11885,352,42
20151126 13:39:05.000,11885,11900,11765,11890,163094,11885,346,54
20151126 13:39:05.000,11885,11900,11765,11890,163140,11885,343,34
20151126 13:39:06.000,11885,11900,11765,11890,163144,11890,343,232
20151126 13:39:07.000,11885,11900,11765,11890,163144,11890,343,258
20151126 13:39:08.000,11885,11900,11765,11890,163144,11890,343,289
20151126 13:39:08.000,11885,11900,11765,11890,163146,11885,243,289
20151126 13:39:09.000,11885,11900,11765,11890,163220,11885,206,289
20151126 13:39:09.000,11885,11900,11765,11890,163342,11885,145,489
20151126 13:39:10.000,11885,11900,11765,11890,163568,11885,33,483
20151126 13:39:10.000,11880,11900,11765,11885,163638,11885,83,16
20151126 13:39:11.000,11880,11900,11765,11885,163718,11880,44,43
20151126 13:39:11.000,11880,11900,11765,11885,163720,11880,48,44
20151126 13:39:11.000,11880,11900,11765,11885,163726,11880,46,44
20151126 13:39:12.000,11880,11900,11765,11885,163726,11880,46,45
20151126 13:39:13.000,11880,11900,11765,11885,163796,11880,16,57
20151126 13:39:13.000,11880,11900,11765,11885,163842,11885,13,37
20151126 13:39:14.000,11880,11900,11765,11885,163846,11885,13,37
20151126 13:39:14.000,11880,11900,11765,11885,163878,11885,32,32
20151126 13:39:15.000,11880,11900,11765,11885,163878,11885,50,21
20151126 13:39:15.000,11880,11900,11765,11885,163880,11885,50,20
20151126 13:39:16.000,11880,11900,11765,11885,163902,11880,59,40
20151126 13:39:17.000,11880,11900,11765,11885,163906,11880,45,71
20151126 13:39:17.000,11880,11900,11765,11885,163908,11880,44,72
20151126 13:39:18.000,11880,11900,11765,11885,163912,11880,42,72
20151126 13:39:19.000,11875,11900,11765,11880,164016,11880,81,149
20151126 13:39:19.000,11875,11900,11765,11880,164018,11875,80,149
20151126 13:39:20.000,11875,11900,11765,11880,164052,11875,63,149
20151126 13:39:21.000,11875,11900,11765,11880,164066,11875,57,148
20151126 13:39:21.000,11875,11900,11765,11880,164092,11880,49,143
20151126 13:39:22.000,11875,11900,11765,11880,164098,11880,48,140
20151126 13:39:23.000,11875,11900,11765,11880,164104,11875,65,141
20151126 13:39:23.000,11875,11900,11765,11880,164110,11875,62,141
20151126 13:39:24.000,11875,11900,11765,11880,164114,11875,60,142
20151126 13:39:24.000,11875,11900,11765,11880,164168,11875,58,118
20151126 13:39:25.000,11875,11900,11765,11880,164266,11880,58,69
20151126 13:39:26.000,11875,11900,11765,11880,164282,11875,52,69
20151126 13:39:27.000,11875,11900,11765,11880,164382,11875,26,83
20151126 13:39:28.000,11875,11900,11765,11880,164388,11875,25,83
20151126 13:39:28.000,11875,11900,11765,11880,164428,11880,25,68
20151126 13:39:29.000,11875,11900,11765,11880,164428,11880,56,68
20151126 13:39:30.000,11875,11900,11765,11880,164428,11880,83,68
20151126 13:39:30.000,11875,11900,11765,11880,164440,11880,111,67
20151126 13:39:31.000,11875,11900,11765,11880,164572,11880,111,1
20151126 13:39:31.000,11875,11900,11765,11880,164584,11875,106,1
20151126 13:39:32.000,11875,11900,11765,11880,164594,11875,101,1
20151126 13:39:32.000,11880,11900,11765,11885,164596,11880,31,105
20151126 13:39:33.000,11880,11900,11765,11885,164598,11880,52,105
20151126 13:39:33.000,11880,11900,11765,11885,164610,11880,48,105
20151126 13:39:34.000,11880,11900,11765,11885,164610,11880,49,105
20151126 13:39:35.000,11880,11900,11765,11885,164610,11880,59,115
20151126 13:39:36.000,11880,11900,11765,11885,164614,11880,57,117
20151126 13:39:37.000,11880,11900,11765,11885,164614,11880,59,116
20151126 13:39:37.000,11880,11900,11765,11885,164616,11880,58,116
20151126 13:39:38.000,11880,11900,11765,11885,164616,11880,66,116
20151126 13:39:39.000,11875,11900,11765,11880,164768,11880,119,27
20151126 13:39:40.000,11875,11900,11765,11880,164772,11875,118,28
20151126 13:39:41.000,11875,11900,11765,11880,164772,11875,118,29
20151126 13:39:41.000,11875,11900,11765,11880,164780,11880,118,25
20151126 13:39:41.000,11875,11900,11765,11880,164782,11880,118,24
20151126 13:39:42.000,11875,11900,11765,11880,164784,11875,105,226
20151126 13:39:43.000,11875,11900,11765,11880,164784,11875,85,231
20151126 13:39:44.000,11875,11900,11765,11880,164788,11875,65,231
20151126 13:39:44.000,11875,11900,11765,11880,164790,11875,65,231
20151126 13:39:45.000,11875,11900,11765,11880,164794,11880,65,229
20151126 13:39:45.000,11875,11900,11765,11880,164796,11880,65,233
20151126 13:39:46.000,11875,11900,11765,11880,164840,11875,44,233
20151126 13:39:47.000,11875,11900,11765,11880,164840,11875,42,233
20151126 13:39:49.000,11875,11900,11765,11880,164840,11875,42,230
20151126 13:39:50.000,11875,11900,11765,11880,164840,11875,42,228
20151126 13:39:50.000,11875,11900,11765,11880,164842,11875,41,228
20151126 13:39:51.000,11875,11900,11765,11880,164862,11875,33,228
20151126 13:39:53.000,11875,11900,11765,11880,164868,11875,33,228
20151126 13:39:53.000,11875,11900,11765,11880,164870,11875,32,228
20151126 13:39:54.000,11875,11900,11765,11880,164900,11875,22,224
20151126 13:39:54.000,11875,11900,11765,11880,165000,11880,57,174
20151126 13:39:55.000,11870,11900,11765,11875,165114,11875,284,44
20151126 13:39:56.000,11870,11900,11765,11875,165116,11870,283,44
20151126 13:39:56.000,11870,11900,11765,11875,165118,11870,284,44
20151126 13:39:57.000,11870,11900,11765,11875,165128,11870,279,79
20151126 13:39:57.000,11870,11900,11765,11875,165248,11875,279,27
20151126 13:39:58.000,11870,11900,11765,11875,165252,11875,290,8
20151126 13:39:59.000,11875,11900,11765,11880,165268,11875,26,182
20151126 13:39:59.000,11875,11900,11765,11880,165270,11875,94,182
20151126 13:40:00.000,11875,11900,11765,11880,165344,11875,57,182
20151126 13:40:01.000,11875,11900,11765,11880,165348,11875,164,183
20151126 13:40:01.000,11875,11900,11765,11880,165378,11880,160,173
20151126 13:40:02.000,11875,11900,11765,11880,165398,11880,160,163
20151126 13:40:03.000,11875,11900,11765,11880,165408,11875,155,166
20151126 13:40:03.000,11875,11900,11765,11880,165448,11875,131,167
20151126 13:40:04.000,11875,11900,11765,11880,165448,11875,131,168
20151126 13:40:04.000,11875,11900,11765,11880,165450,11880,131,181
20151126 13:40:05.000,11875,11900,11765,11880,165454,11880,132,185
20151126 13:40:05.000,11875,11900,11765,11880,165474,11875,122,185
20151126 13:40:06.000,11875,11900,11765,11880,165478,11875,120,186
20151126 13:40:07.000,11875,11900,11765,11880,165478,11875,142,191
20151126 13:40:08.000,11875,11900,11765,11880,165478,11875,143,191
20151126 13:40:09.000,11875,11900,11765,11880,165478,11875,145,191
20151126 13:40:10.000,11875,11900,11765,11880,165478,11875,147,192
20151126 13:40:11.000,11875,11900,11765,11880,165478,11875,149,202
20151126 13:40:12.000,11875,11900,11765,11880,165478,11875,151,202
20151126 13:40:12.000,11875,11900,11765,11880,165638,11875,76,203
20151126 13:40:13.000,11875,11900,11765,11880,165646,11875,72,203
20151126 13:40:14.000,11875,11900,11765,11880,165660,11875,65,203
20151126 13:40:15.000,11875,11900,11765,11880,165662,11875,59,203
20151126 13:40:16.000,11875,11900,11765,11880,165662,11875,59,204
20151126 13:40:17.000,11880,11900,11765,11885,166076,11880,394,147
20151126 13:40:18.000,11880,11900,11765,11885,166076,11880,395,165
20151126 13:40:18.000,11880,11900,11765,11885,166080,11880,393,165
20151126 13:40:19.000,11880,11900,11765,11885,166152,11880,357,165
20151126 13:40:20.000,11880,11900,11765,11885,166152,11880,357,166
20151126 13:40:21.000,11880,11900,11765,11885,166152,11880,357,167
20151126 13:40:21.000,11880,11900,11765,11885,166158,11880,354,167
20151126 13:40:22.000,11880,11900,11765,11885,166160,11885,354,166
20151126 13:40:23.000,11880,11900,11765,11885,166160,11885,354,146
20151126 13:40:23.000,11880,11900,11765,11885,166180,11880,344,116
20151126 13:40:24.000,11880,11900,11765,11885,166186,11885,343,114
20151126 13:40:25.000,11880,11900,11765,11885,166192,11885,343,131
20151126 13:40:26.000,11880,11900,11765,11885,166192,11885,346,101
20151126 13:40:26.000,11880,11900,11765,11885,166196,11880,344,200
20151126 13:40:27.000,11880,11900,11765,11885,166196,11880,344,197
20151126 13:40:27.000,11880,11900,11765,11885,166200,11880,343,196
20151126 13:40:28.000,11880,11900,11765,11885,166210,11880,338,196
20151126 13:40:28.000,11880,11900,11765,11885,166230,11885,338,187
20151126 13:40:29.000,11880,11900,11765,11885,166290,11885,338,128
20151126 13:40:30.000,11880,11900,11765,11885,166290,11885,338,133
20151126 13:40:32.000,11880,11900,11765,11885,166290,11885,339,134
20151126 13:40:33.000,11880,11900,11765,11885,166300,11880,335,134
20151126 13:40:34.000,11880,11900,11765,11885,166320,11885,335,125
20151126 13:40:35.000,11880,11900,11765,11885,166324,11885,336,124
20151126 13:40:37.000,11880,11900,11765,11885,166324,11885,336,125
20151126 13:40:37.000,11880,11900,11765,11885,166336,11885,336,119
20151126 13:40:38.000,11880,11900,11765,11885,166348,11880,330,149
20151126 13:40:39.000,11880,11900,11765,11885,166348,11880,329,149
20151126 13:40:40.000,11880,11900,11765,11885,166350,11885,329,150
20151126 13:40:41.000,11880,11900,11765,11885,166354,11880,327,320
20151126 13:40:41.000,11880,11900,11765,11885,166358,11880,326,349
20151126 13:40:42.000,11880,11900,11765,11885,166462,11880,324,299
20151126 13:40:42.000,11880,11900,11765,11885,166466,11880,322,299
20151126 13:40:43.000,11880,11900,11765,11885,166870,11880,120,299
20151126 13:40:43.000,11880,11900,11765,11885,166872,11880,120,299
20151126 13:40:44.000,11880,11900,11765,11885,166912,11880,101,299
20151126 13:40:45.000,11880,11900,11765,11885,166970,11880,78,299
20151126 13:40:45.000,11880,11900,11765,11885,166972,11880,77,299
20151126 13:40:46.000,11880,11900,11765,11885,166974,11880,76,299
20151126 13:40:47.000,11880,11900,11765,11885,167026,11880,50,293
20151126 13:40:47.000,11875,11900,11765,11880,167126,11880,127,14
20151126 13:40:48.000,11875,11900,11765,11880,167128,11880,130,33
20151126 13:40:49.000,11875,11900,11765,11880,167128,11880,132,59
20151126 13:40:50.000,11875,11900,11765,11880,167128,11880,132,60
20151126 13:40:51.000,11875,11900,11765,11880,167128,11880,133,60
20151126 13:40:52.000,11875,11900,11765,11880,167130,11875,120,90
20151126 13:40:53.000,11875,11900,11765,11880,167138,11880,116,87
20151126 13:40:54.000,11875,11900,11765,11880,167138,11880,116,98
20151126 13:40:55.000,11875,11900,11765,11880,167146,11875,112,105
20151126 13:40:56.000,11875,11900,11765,11880,167146,11875,111,105
20151126 13:40:57.000,11875,11900,11765,11880,167148,11880,111,104
20151126 13:40:57.000,11875,11900,11765,11880,167152,11875,113,104
20151126 13:40:58.000,11875,11900,11765,11880,167154,11875,112,104
20151126 13:40:59.000,11875,11900,11765,11880,167154,11875,108,104
20151126 13:41:00.000,11875,11900,11765,11880,167176,11875,107,94
20151126 13:41:00.000,11875,11900,11765,11880,167200,11880,101,84
20151126 13:41:01.000,11875,11900,11765,11880,167200,11880,102,84
20151126 13:41:02.000,11875,11900,11765,11880,167200,11880,103,84
20151126 13:41:04.000,11875,11900,11765,11880,167204,11875,102,103
20151126 13:41:05.000,11875,11900,11765,11880,167206,11875,101,103
20151126 13:41:06.000,11875,11900,11765,11880,167216,11875,96,153
20151126 13:41:07.000,11875,11900,11765,11880,167256,11880,97,133
20151126 13:41:08.000,11875,11900,11765,11880,167328,11880,97,98
20151126 13:41:10.000,11875,11900,11765,11880,167348,11880,97,88
20151126 13:41:11.000,11875,11900,11765,11880,167350,11880,97,87
20151126 13:41:12.000,11875,11900,11765,11880,167350,11880,99,88
20151126 13:41:12.000,11875,11900,11765,11880,167352,11880,99,87
20151126 13:41:13.000,11875,11900,11765,11880,167356,11875,97,87
20151126 13:41:13.000,11875,11900,11765,11880,167376,11875,87,89
20151126 13:41:14.000,11875,11900,11765,11880,167378,11880,88,88
20151126 13:41:16.000,11875,11900,11765,11880,167378,11880,89,88
20151126 13:41:16.000,11875,11900,11765,11880,167380,11880,89,87
20151126 13:41:18.000,11875,11900,11765,11880,167384,11880,89,86
20151126 13:41:18.000,11875,11900,11765,11880,167394,11880,89,81
20151126 13:41:19.000,11875,11900,11765,11880,167494,11875,39,93
20151126 13:41:20.000,11870,11900,11765,11875,167582,11875,321,62
20151126 13:41:21.000,11870,11900,11765,11875,167582,11875,321,63
20151126 13:41:22.000,11870,11900,11765,11875,167588,11870,318,63
20151126 13:41:22.000,11870,11900,11765,11875,167590,11870,317,63
20151126 13:41:23.000,11870,11900,11765,11875,167606,11875,311,62
20151126 13:41:24.000,11870,11900,11765,11875,167608,11870,308,62
20151126 13:41:26.000,11870,11900,11765,11875,167610,11875,309,61
20151126 13:41:27.000,11870,11900,11765,11875,167610,11875,308,61
20151126 13:41:28.000,11870,11900,11765,11875,167612,11875,309,60
20151126 13:41:30.000,11870,11900,11765,11875,167614,11875,310,59
20151126 13:41:31.000,11870,11900,11765,11875,167614,11875,312,59
20151126 13:41:32.000,11870,11900,11765,11875,167634,11870,302,59
20151126 13:41:32.000,11870,11900,11765,11875,167636,11875,302,58
20151126 13:41:33.000,11870,11900,11765,11875,167636,11875,303,58
20151126 13:41:34.000,11870,11900,11765,11875,167650,11870,296,60
20151126 13:41:34.000,11870,11900,11765,11875,167670,11875,296,50
20151126 13:41:36.000,11870,11900,11765,11875,167670,11875,296,52
20151126 13:41:37.000,11870,11900,11765,11875,167692,11870,297,42
20151126 13:41:38.000,11870,11900,11765,11875,167694,11875,297,41
20151126 13:41:39.000,11870,11900,11765,11875,167696,11870,296,46
20151126 13:41:40.000,11870,11900,11765,11875,167702,11870,289,45
20151126 13:41:40.000,11870,11900,11765,11875,167712,11870,284,45
20151126 13:41:42.000,11870,11900,11765,11875,167712,11870,289,45
20151126 13:41:43.000,11870,11900,11765,11875,167714,11870,288,45
20151126 13:41:44.000,11870,11900,11765,11875,167916,11870,208,45
20151126 13:41:44.000,11870,11900,11765,11875,167936,11875,208,35
20151126 13:41:45.000,11870,11900,11765,11875,167942,11875,207,34
20151126 13:41:47.000,11870,11900,11765,11875,167950,11875,207,31
20151126 13:41:49.000,11870,11900,11765,11875,167952,11870,210,31
20151126 13:41:51.000,11870,11900,11765,11875,167954,11870,209,64
20151126 13:41:52.000,11870,11900,11765,11875,167954,11870,209,71
20151126 13:41:52.000,11870,11900,11765,11875,167956,11870,208,71
20151126 13:41:53.000,11870,11900,11765,11875,167958,11870,207,74
20151126 13:41:55.000,11870,11900,11765,11875,167958,11870,208,75
20151126 13:41:56.000,11870,11900,11765,11875,167968,11870,203,75
20151126 13:41:57.000,11870,11900,11765,11875,167974,11870,200,75
20151126 13:42:00.000,11870,11900,11765,11875,167976,11875,200,74
20151126 13:42:00.000,11870,11900,11765,11875,167978,11870,199,74
20151126 13:42:01.000,11870,11900,11765,11875,167982,11870,197,74
20151126 13:42:02.000,11870,11900,11765,11875,167988,11875,197,71
20151126 13:42:04.000,11870,11900,11765,11875,167996,11870,193,71
20151126 13:42:05.000,11870,11900,11765,11875,168002,11870,190,75
20151126 13:42:05.000,11870,11900,11765,11875,168004,11875,190,74
20151126 13:42:07.000,11870,11900,11765,11875,168006,11875,190,73
20151126 13:42:07.000,11870,11900,11765,11875,168008,11870,189,73
20151126 13:42:08.000,11870,11900,11765,11875,168010,11870,188,73
20151126 13:42:08.000,11870,11900,11765,11875,168050,11875,188,53
20151126 13:42:09.000,11870,11900,11765,11875,168070,11875,188,43
20151126 13:42:10.000,11870,11900,11765,11875,168070,11875,188,45
20151126 13:42:11.000,11870,11900,11765,11875,168110,11875,188,25
20151126 13:42:11.000,11870,11900,11765,11875,168112,11875,193,24
20151126 13:42:12.000,11875,11900,11765,11880,168160,11875,3,159
20151126 13:42:13.000,11875,11900,11765,11880,168162,11875,27,169
20151126 13:42:13.000,11875,11900,11765,11880,168164,11875,26,169
20151126 13:42:14.000,11875,11900,11765,11880,168164,11875,28,170
20151126 13:42:15.000,11875,11900,11765,11880,168166,11875,63,170
20151126 13:42:16.000,11875,11900,11765,11880,168166,11875,63,171
20151126 13:42:17.000,11875,11900,11765,11880,168166,11875,66,171
20151126 13:42:17.000,11875,11900,11765,11880,168182,11880,66,164
20151126 13:42:18.000,11875,11900,11765,11880,168184,11880,66,169
20151126 13:42:18.000,11875,11900,11765,11880,168190,11875,63,170
20151126 13:42:19.000,11875,11900,11765,11880,168190,11875,63,177
20151126 13:42:20.000,11875,11900,11765,11880,168192,11875,62,177
20151126 13:42:21.000,11875,11900,11765,11880,168192,11875,62,175
20151126 13:42:22.000,11875,11900,11765,11880,168192,11875,63,175
20151126 13:42:22.000,11875,11900,11765,11880,168216,11875,53,176
20151126 13:42:23.000,11875,11900,11765,11880,168218,11875,52,176
20151126 13:42:23.000,11875,11900,11765,11880,168220,11875,51,177
20151126 13:42:24.000,11875,11900,11765,11880,168228,11875,47,177
20151126 13:42:25.000,11875,11900,11765,11880,168240,11875,44,177
20151126 13:42:25.000,11875,11900,11765,11880,168242,11875,9,177
20151126 13:42:26.000,11875,11900,11765,11880,168252,11875,4,177
20151126 13:42:27.000,11870,11900,11765,11875,168260,11875,193,7
20151126 13:42:30.000,11870,11900,11765,11875,168264,11875,189,11
20151126 13:42:30.000,11870,11900,11765,11875,168266,11875,189,11
20151126 13:42:31.000,11870,11900,11765,11875,168266,11875,189,12
20151126 13:42:32.000,11870,11900,11765,11875,168268,11875,198,12
20151126 13:42:33.000,11870,11900,11765,11875,168268,11875,199,19
20151126 13:42:33.000,11875,11900,11765,11880,168324,11875,3,201
20151126 13:42:34.000,11875,11900,11765,11880,168324,11875,24,201
20151126 13:42:34.000,11875,11900,11765,11880,168348,11875,13,200
20151126 13:42:35.000,11875,11900,11765,11880,168350,11880,14,199
20151126 13:42:35.000,11875,11900,11765,11880,168352,11880,14,198
20151126 13:42:36.000,11875,11900,11765,11880,168368,11875,7,197
20151126 13:42:36.000,11870,11900,11765,11875,168382,11875,203,94
20151126 13:42:37.000,11870,11900,11765,11875,168422,11875,203,74
20151126 13:42:38.000,11870,11900,11765,11875,168422,11875,203,75
20151126 13:42:38.000,11870,11900,11765,11875,168424,11875,199,76
20151126 13:42:39.000,11870,11900,11765,11875,168426,11875,199,75
20151126 13:42:39.000,11870,11900,11765,11875,168428,11875,199,74
20151126 13:42:40.000,11870,11900,11765,11875,168428,11875,199,75
20151126 13:42:42.000,11870,11900,11765,11875,168430,11875,199,75
20151126 13:42:43.000,11870,11900,11765,11875,168430,11875,203,77
20151126 13:42:44.000,11870,11900,11765,11875,168430,11875,203,78
20151126 13:42:46.000,11870,11900,11765,11875,168430,11875,203,89
20151126 13:42:48.000,11870,11900,11765,11875,168430,11875,203,90
20151126 13:42:51.000,11870,11900,11765,11875,168430,11875,203,95
20151126 13:42:52.000,11870,11900,11765,11875,168430,11875,203,96
20151126 13:42:54.000,11870,11900,11765,11875,168432,11875,203,95
20151126 13:42:55.000,11870,11900,11765,11875,168432,11875,203,96
20151126 13:42:56.000,11870,11900,11765,11875,168442,11875,201,91
20151126 13:42:57.000,11870,11900,11765,11875,168442,11875,201,111
20151126 13:42:58.000,11870,11900,11765,11875,168454,11870,197,109
20151126 13:42:59.000,11870,11900,11765,11875,168456,11875,197,108
20151126 13:43:00.000,11870,11900,11765,11875,168456,11875,208,108
20151126 13:43:00.000,11870,11900,11765,11875,168556,11870,158,109
20151126 13:43:01.000,11870,11900,11765,11875,168572,11870,150,109
20151126 13:43:02.000,11870,11900,11765,11875,168582,11875,150,104
20151126 13:43:03.000,11870,11900,11765,11875,168586,11870,148,105
20151126 13:43:04.000,11870,11900,11765,11875,168586,11870,149,108
20151126 13:43:05.000,11870,11900,11765,11875,168628,11875,162,88
20151126 13:43:05.000,11865,11900,11765,11875,169028,11865,92,88
20151126 13:43:06.000,11865,11900,11765,11870,169036,11865,89,22
20151126 13:43:07.000,11865,11900,11765,11870,169040,11870,89,26
20151126 13:43:08.000,11865,11900,11765,11870,169040,11870,89,93
20151126 13:43:09.000,11865,11900,11765,11870,169044,11870,88,92
20151126 13:43:09.000,11865,11900,11765,11870,169048,11870,88,90
20151126 13:43:10.000,11865,11900,11765,11870,169050,11870,87,89
20151126 13:43:11.000,11865,11900,11765,11870,169064,11865,80,89
20151126 13:43:12.000,11865,11900,11765,11870,169064,11865,85,99
20151126 13:43:13.000,11865,11900,11765,11870,169068,11870,85,97
20151126 13:43:13.000,11865,11900,11765,11870,169070,11865,84,97
20151126 13:43:14.000,11865,11900,11765,11870,169072,11865,83,98
20151126 13:43:15.000,11865,11900,11765,11870,169072,11865,84,98
20151126 13:43:15.000,11865,11900,11765,11870,169076,11870,85,96
20151126 13:43:16.000,11865,11900,11765,11870,169096,11865,75,98
20151126 13:43:16.000,11865,11900,11765,11870,169100,11870,77,96
20151126 13:43:17.000,11865,11900,11765,11870,169120,11865,69,96
20151126 13:43:18.000,11865,11900,11765,11870,169142,11865,59,96
20151126 13:43:19.000,11865,11900,11765,11870,169148,11865,61,96
20151126 13:43:20.000,11865,11900,11765,11870,169148,11865,62,96
20151126 13:43:21.000,11865,11900,11765,11870,169168,11870,100,88
20151126 13:43:22.000,11865,11900,11765,11870,169188,11865,97,80
20151126 13:43:22.000,11865,11900,11765,11870,169198,11865,92,80
20151126 13:43:25.000,11865,11900,11765,11870,169202,11865,91,79
20151126 13:43:26.000,11865,11900,11765,11870,169242,11865,74,79
20151126 13:43:27.000,11865,11900,11765,11870,169250,11865,70,92
20151126 13:43:27.000,11865,11900,11765,11870,169254,11865,33,92
20151126 13:43:28.000,11865,11900,11765,11870,169254,11865,39,92
20151126 13:43:28.000,11865,11900,11765,11870,169266,11865,68,92
20151126 13:43:29.000,11865,11900,11765,11870,169276,11865,64,91
20151126 13:43:29.000,11865,11900,11765,11870,169286,11865,59,91
20151126 13:43:30.000,11865,11900,11765,11870,169286,11865,24,91
20151126 13:43:31.000,11865,11900,11765,11870,169286,11865,26,100
20151126 13:43:32.000,11865,11900,11765,11870,169296,11865,21,100
20151126 13:43:33.000,11865,11900,11765,11870,169308,11865,15,100
20151126 13:43:33.000,11860,11900,11765,11865,169342,11860,295,11
20151126 13:43:34.000,11860,11900,11765,11865,169360,11860,291,7
20151126 13:43:34.000,11860,11900,11765,11865,169378,11860,285,4
20151126 13:43:35.000,11860,11900,11765,11870,169420,11870,276,98
20151126 13:43:36.000,11860,11900,11765,11870,169420,11870,276,99
20151126 13:43:37.000,11865,11900,11765,11870,169424,11870,79,97
20151126 13:43:38.000,11865,11900,11765,11870,169426,11865,79,86
20151126 13:43:39.000,11865,11900,11765,11870,169426,11865,80,77
20151126 13:43:40.000,11865,11900,11765,11870,169434,11870,81,73
20151126 13:43:41.000,11865,11900,11765,11870,169434,11870,83,74
20151126 13:43:41.000,11865,11900,11765,11870,169442,11865,80,74
20151126 13:43:42.000,11865,11900,11765,11870,169442,11865,63,86
20151126 13:43:42.000,11865,11900,11765,11870,169452,11870,68,81
20151126 13:43:43.000,11865,11900,11765,11870,169452,11870,71,81
20151126 13:43:44.000,11865,11900,11765,11870,169452,11870,72,81
20151126 13:43:45.000,11865,11900,11765,11870,169456,11865,70,80
20151126 13:43:46.000,11865,11900,11765,11870,169456,11865,70,89
20151126 13:43:47.000,11865,11900,11765,11870,169458,11865,69,109
20151126 13:43:48.000,11865,11900,11765,11870,169462,11865,68,108
20151126 13:43:49.000,11865,11900,11765,11870,169578,11865,10,108
20151126 13:43:50.000,11860,11900,11765,11865,169598,11865,283,2
20151126 13:43:51.000,11860,11900,11765,11865,169598,11865,283,33
20151126 13:43:52.000,11860,11900,11765,11865,169598,11865,285,33
20151126 13:43:52.000,11860,11900,11765,11865,169612,11860,278,33
20151126 13:43:53.000,11860,11900,11765,11865,169626,11865,272,32
20151126 13:43:53.000,11860,11900,11765,11865,169628,11865,272,31
20151126 13:43:55.000,11860,11900,11765,11865,169628,11865,272,33
20151126 13:43:57.000,11860,11900,11765,11865,169630,11865,271,38
20151126 13:43:58.000,11860,11900,11765,11865,169630,11865,273,38
20151126 13:43:58.000,11860,11900,11765,11865,169634,11865,283,36
20151126 13:43:59.000,11860,11900,11765,11865,169634,11865,288,38
20151126 13:44:00.000,11860,11900,11765,11865,169646,11865,288,32
20151126 13:44:01.000,11860,11900,11765,11865,169648,11865,289,31
20151126 13:44:02.000,11860,11900,11765,11865,169648,11865,290,31
20151126 13:44:03.000,11860,11900,11765,11865,169650,11865,290,30
20151126 13:44:03.000,11860,11900,11765,11865,169668,11860,286,30
20151126 13:44:04.000,11860,11900,11765,11865,169670,11865,286,29
20151126 13:44:05.000,11860,11900,11765,11865,169674,11860,292,29
20151126 13:44:06.000,11860,11900,11765,11865,169674,11860,298,29
20151126 13:44:06.000,11860,11900,11765,11865,169694,11860,288,30
20151126 13:44:07.000,11860,11900,11765,11865,169696,11860,287,30
20151126 13:44:08.000,11860,11900,11765,11870,169776,11870,287,72
20151126 13:44:09.000,11865,11900,11765,11870,169782,11865,72,73
20151126 13:44:10.000,11865,11900,11765,11870,169782,11865,87,59
20151126 13:44:10.000,11865,11900,11765,11870,169786,11865,85,59
20151126 13:44:11.000,11865,11900,11765,11870,169786,11865,85,58
20151126 13:44:12.000,11865,11900,11765,11870,169792,11865,83,58
20151126 13:44:12.000,11865,11900,11765,11870,169796,11870,83,56
20151126 13:44:13.000,11865,11900,11765,11870,169798,11870,83,55
20151126 13:44:13.000,11865,11900,11765,11870,169800,11870,84,54
20151126 13:44:14.000,11865,11900,11765,11870,169802,11870,84,61
20151126 13:44:14.000,11865,11900,11765,11870,169816,11865,78,65
20151126 13:44:15.000,11865,11900,11765,11870,169816,11865,80,66
20151126 13:44:16.000,11865,11900,11765,11870,169858,11865,70,65
20151126 13:44:16.000,11865,11900,11765,11870,169862,11865,73,65
20151126 13:44:17.000,11865,11900,11765,11870,169864,11870,74,64
20151126 13:44:17.000,11865,11900,11765,11870,169866,11870,74,63
20151126 13:44:18.000,11865,11900,11765,11870,169866,11870,76,62
20151126 13:44:20.000,11865,11900,11765,11870,169866,11870,77,65
20151126 13:44:22.000,11865,11900,11765,11870,169866,11870,77,66
20151126 13:44:23.000,11860,11900,11765,11865,170060,11865,267,4
20151126 13:44:23.000,11865,11900,11765,11870,170068,11865,7,95
20151126 13:44:24.000,11865,11900,11765,11870,170068,11865,8,101
20151126 13:44:25.000,11865,11900,11765,11870,170068,11865,12,101
20151126 13:44:26.000,11865,11900,11765,11870,170072,11865,12,101
20151126 13:44:26.000,11865,11900,11765,11870,170076,11865,11,101
20151126 13:44:27.000,11865,11900,11765,11870,170080,11865,10,100
20151126 13:44:28.000,11865,11900,11765,11870,170080,11865,11,104
20151126 13:44:29.000,11865,11900,11765,11870,170172,11865,16,105
20151126 13:44:30.000,11865,11900,11765,11870,170178,11865,13,105
20151126 13:44:31.000,11865,11900,11765,11870,170186,11865,17,105
20151126 13:44:32.000,11865,11900,11765,11870,170186,11865,19,105
20151126 13:44:33.000,11865,11900,11765,11870,170186,11865,20,103
20151126 13:44:34.000,11865,11900,11765,11870,170186,11865,60,103
20151126 13:44:35.000,11865,11900,11765,11870,170186,11865,76,108
20151126 13:44:35.000,11865,11900,11765,11870,170190,11865,75,108
20151126 13:44:36.000,11865,11900,11765,11870,170190,11865,76,108
20151126 13:44:36.000,11865,11900,11765,11870,170192,11870,76,107
20151126 13:44:38.000,11865,11900,11765,11870,170212,11865,66,107
20151126 13:44:42.000,11865,11900,11765,11870,170216,11865,64,107
20151126 13:44:43.000,11865,11900,11765,11870,170216,11865,79,95
20151126 13:44:44.000,11865,11900,11765,11870,170216,11865,79,107
20151126 13:44:45.000,11865,11900,11765,11870,170216,11865,79,117
20151126 13:44:45.000,11865,11900,11765,11870,170220,11865,77,117
20151126 13:44:47.000,11865,11900,11765,11870,170220,11865,78,117
20151126 13:44:49.000,11865,11900,11765,11870,170220,11865,78,112
20151126 13:44:49.000,11865,11900,11765,11870,170222,11870,78,111
20151126 13:44:50.000,11865,11900,11765,11870,170222,11870,79,117
20151126 13:44:51.000,11865,11900,11765,11870,170222,11870,81,117
20151126 13:44:52.000,11865,11900,11765,11870,170242,11870,83,108
20151126 13:44:53.000,11865,11900,11765,11870,170242,11870,118,108
20151126 13:44:54.000,11865,11900,11765,11870,170262,11865,77,108
20151126 13:44:56.000,11865,11900,11765,11870,170264,11870,117,108
20151126 13:44:57.000,11865,11900,11765,11870,170264,11870,121,108
20151126 13:44:58.000,11865,11900,11765,11870,170470,11870,20,106
20151126 13:44:58.000,11865,11900,11765,11870,170474,11870,20,104
20151126 13:45:00.000,11865,11900,11765,11870,170476,11865,19,104
20151126 13:45:01.000,11865,11900,11765,11870,170490,11870,15,99
20151126 13:45:01.000,11860,11900,11765,11865,170522,11865,250,6
20151126 13:45:02.000,11860,11900,11765,11865,170522,11865,245,7
20151126 13:45:02.000,11860,11900,11765,11865,170524,11865,245,6
20151126 13:45:03.000,11860,11900,11765,11865,170524,11865,246,6
20151126 13:45:04.000,11860,11900,11765,11865,170524,11865,246,120
20151126 13:45:04.000,11860,11900,11765,11865,170526,11865,249,120
20151126 13:45:05.000,11860,11900,11765,11865,170526,11865,257,122
20151126 13:45:06.000,11860,11900,11765,11865,170546,11865,257,213
20151126 13:45:07.000,11860,11900,11765,11865,170546,11865,257,218
20151126 13:45:07.000,11860,11900,11765,11865,170548,11860,256,219
20151126 13:45:08.000,11860,11900,11765,11865,170550,11860,257,219
20151126 13:45:09.000,11860,11900,11765,11865,170570,11860,267,219
20151126 13:45:09.000,11860,11900,11765,11865,170572,11860,266,219
20151126 13:45:10.000,11860,11900,11765,11865,170572,11860,266,222
20151126 13:45:11.000,11860,11900,11765,11865,170572,11860,265,232
20151126 13:45:11.000,11860,11900,11765,11865,170592,11860,255,232
20151126 13:45:12.000,11860,11900,11765,11865,170594,11860,254,232
20151126 13:45:13.000,11860,11900,11765,11865,170604,11860,249,232
20151126 13:45:14.000,11860,11900,11765,11865,170604,11860,250,232
20151126 13:45:14.000,11860,11900,11765,11865,170610,11860,246,232
20151126 13:45:15.000,11860,11900,11765,11865,170634,11860,234,232
20151126 13:45:17.000,11860,11900,11765,11865,170634,11860,234,233
20151126 13:45:17.000,11860,11900,11765,11865,170666,11860,227,233
20151126 13:45:18.000,11860,11900,11765,11865,170670,11860,225,234
20151126 13:45:19.000,11860,11900,11765,11865,170870,11860,125,241
20151126 13:45:19.000,11860,11900,11765,11865,170940,11860,94,239
20151126 13:45:20.000,11860,11900,11765,11865,170948,11860,90,254
20151126 13:45:20.000,11860,11900,11765,11865,171000,11860,64,272
20151126 13:45:21.000,11860,11900,11765,11865,171012,11860,58,272
20151126 13:45:22.000,11860,11900,11765,11865,171016,11860,56,274
20151126 13:45:23.000,11860,11900,11765,11865,171028,11860,50,274
20151126 13:45:23.000,11860,11900,11765,11865,171030,11860,49,274
20151126 13:45:24.000,11860,11900,11765,11865,171110,11860,8,274
20151126 13:45:24.000,11855,11900,11765,11860,171160,11860,350,1
20151126 13:45:25.000,11855,11900,11765,11860,171164,11855,348,2
20151126 13:45:25.000,11855,11900,11765,11860,171170,11855,345,16
20151126 13:45:26.000,11855,11900,11765,11860,171172,11855,345,16
20151126 13:45:26.000,11855,11900,11765,11860,171176,11855,347,16
20151126 13:45:27.000,11855,11900,11765,11860,171206,11855,332,16
20151126 13:45:28.000,11855,11900,11765,11860,171206,11855,332,18
20151126 13:45:28.000,11855,11900,11765,11860,171208,11860,342,17
20151126 13:45:29.000,11855,11900,11765,11860,171226,11855,333,17
20151126 13:45:30.000,11855,11900,11765,11860,171226,11855,333,19
20151126 13:45:30.000,11855,11900,11765,11860,171502,11855,199,26
20151126 13:45:31.000,11855,11900,11765,11860,171502,11855,199,27
20151126 13:45:32.000,11850,11900,11765,11855,171900,11855,241,19
20151126 13:45:32.000,11855,11900,11765,11860,171938,11855,65,32
20151126 13:45:33.000,11855,11900,11765,11860,171938,11855,66,37
20151126 13:45:33.000,11855,11900,11765,11860,171942,11855,64,37
20151126 13:45:34.000,11855,11900,11765,11860,172014,11855,28,49
20151126 13:45:35.000,11855,11900,11765,11860,172014,11855,28,51
20151126 13:45:36.000,11855,11900,11765,11860,172014,11855,53,175
20151126 13:45:37.000,11855,11900,11765,11860,172018,11855,51,175
20151126 13:45:37.000,11855,11900,11765,11860,172030,11855,45,175
20151126 13:45:38.000,11855,11900,11765,11860,172032,11855,44,175
20151126 13:45:38.000,11855,11900,11765,11860,172034,11855,43,175
20151126 13:45:39.000,11855,11900,11765,11860,172034,11855,44,175
20151126 13:45:40.000,11855,11900,11765,11860,172052,11855,35,175
20151126 13:45:41.000,11855,11900,11765,11860,172052,11855,16,175
20151126 13:45:42.000,11855,11900,11765,11860,172054,11860,19,175
20151126 13:45:42.000,11855,11900,11765,11860,172076,11855,10,175
20151126 13:45:43.000,11855,11900,11765,11860,172076,11855,10,174
20151126 13:45:44.000,11855,11900,11765,11860,172078,11855,9,175
20151126 13:45:44.000,11855,11900,11765,11860,172092,11855,2,175
20151126 13:45:45.000,11855,11900,11765,11860,172092,11855,4,175
20151126 13:45:46.000,11855,11900,11765,11860,172094,11855,3,174
20151126 13:45:46.000,11855,11900,11765,11860,172102,11860,2,171
20151126 13:45:47.000,11850,11900,11765,11860,172106,11855,243,171
20151126 13:45:48.000,11855,11900,11765,11860,172108,11855,2,171
20151126 13:45:49.000,11855,11900,11765,11860,172110,11855,1,171
20151126 13:45:50.000,11855,11900,11765,11860,172112,11855,1,171
20151126 13:45:50.000,11855,11900,11765,11860,172114,11860,2,170
20151126 13:45:52.000,11855,11900,11765,11860,172116,11855,1,170
20151126 13:45:53.000,11855,11900,11765,11860,172130,11855,26,170
20151126 13:45:53.000,11855,11900,11765,11860,172144,11855,39,170
20151126 13:45:54.000,11855,11900,11765,11860,172164,11855,29,170
20151126 13:45:55.000,11855,11900,11765,11860,172164,11855,50,170
20151126 13:45:56.000,11855,11900,11765,11860,172264,11855,85,148
20151126 13:45:56.000,11855,11900,11765,11860,172270,11855,82,164
20151126 13:45:57.000,11855,11900,11765,11860,172270,11855,51,164
20151126 13:45:58.000,11855,11900,11765,11860,172270,11855,53,164
20151126 13:45:59.000,11855,11900,11765,11860,172270,11855,89,64
20151126 13:46:00.000,11855,11900,11765,11860,172270,11855,140,66
20151126 13:46:00.000,11855,11900,11765,11860,172276,11855,138,68
20151126 13:46:01.000,11855,11900,11765,11860,172356,11860,138,28
20151126 13:46:02.000,11855,11900,11765,11860,172356,11860,138,29
20151126 13:46:02.000,11860,11900,11765,11865,172414,11860,31,57
20151126 13:46:03.000,11860,11900,11765,11865,172414,11860,73,58
20151126 13:46:05.000,11860,11900,11765,11865,172416,11860,72,58
20151126 13:46:05.000,11860,11900,11765,11865,172418,11860,97,63
20151126 13:46:06.000,11860,11900,11765,11865,172428,11860,100,63
20151126 13:46:07.000,11860,11900,11765,11865,172434,11865,100,60
20151126 13:46:08.000,11860,11900,11765,11865,172442,11865,100,56
20151126 13:46:09.000,11860,11900,11765,11865,172444,11865,100,55
20151126 13:46:09.000,11860,11900,11765,11865,172454,11865,100,51
20151126 13:46:10.000,11860,11900,11765,11865,172642,11860,6,75
20151126 13:46:10.000,11860,11900,11765,11865,172644,11860,5,95
20151126 13:46:12.000,11860,11900,11765,11865,172644,11860,40,96
20151126 13:46:13.000,11860,11900,11765,11865,172644,11860,49,96
20151126 13:46:14.000,11860,11900,11765,11865,172660,11865,49,93
20151126 13:46:15.000,11860,11900,11765,11865,172662,11865,49,92
20151126 13:46:18.000,11860,11900,11765,11865,172662,11865,49,93
20151126 13:46:19.000,11860,11900,11765,11865,172662,11865,14,94
20151126 13:46:22.000,11855,11900,11765,11860,172690,11860,141,7
20151126 13:46:23.000,11855,11900,11765,11860,172690,11860,141,47
20151126 13:46:24.000,11855,11900,11765,11860,172690,11860,141,48
20151126 13:46:24.000,11855,11900,11765,11860,172692,11860,142,47
20151126 13:46:27.000,11855,11900,11765,11860,172698,11860,152,44
20151126 13:46:28.000,11855,11900,11765,11860,172718,11860,152,34
20151126 13:46:28.000,11855,11900,11765,11860,172730,11855,151,34
20151126 13:46:29.000,11860,11900,11765,11865,172798,11860,166,74
20151126 13:46:30.000,11860,11900,11765,11865,172800,11865,173,61
20151126 13:46:30.000,11860,11900,11765,11865,172820,11860,163,61
20151126 13:46:31.000,11860,11900,11765,11865,172824,11860,161,61
20151126 13:46:32.000,11860,11900,11765,11865,172824,11860,161,72
20151126 13:46:33.000,11860,11900,11765,11865,172830,11860,158,72
20151126 13:46:37.000,11860,11900,11765,11865,172830,11860,158,85
20151126 13:46:40.000,11860,11900,11765,11865,172830,11860,168,85
20151126 13:46:42.000,11860,11900,11765,11865,172830,11860,168,86
20151126 13:46:43.000,11860,11900,11765,11865,172848,11865,168,77
20151126 13:46:44.000,11860,11900,11765,11865,172872,11865,168,65
20151126 13:46:45.000,11860,11900,11765,11865,172872,11865,188,65
20151126 13:46:46.000,11860,11900,11765,11865,172874,11865,188,64
20151126 13:46:47.000,11860,11900,11765,11865,172874,11865,191,64
20151126 13:46:51.000,11860,11900,11765,11865,172874,11865,192,64
20151126 13:46:52.000,11860,11900,11765,11865,172876,11865,192,63
20151126 13:46:55.000,11860,11900,11765,11865,172876,11865,200,63
20151126 13:46:56.000,11860,11900,11765,11865,172876,11865,210,63
20151126 13:46:57.000,11860,11900,11765,11865,172878,11865,210,62
20151126 13:46:57.000,11860,11900,11765,11865,172880,11865,210,61
20151126 13:46:59.000,11860,11900,11765,11865,172880,11865,211,61
20151126 13:47:00.000,11860,11900,11765,11865,172882,11865,211,60
20151126 13:47:02.000,11860,11900,11765,11865,172886,11865,211,58
20151126 13:47:02.000,11860,11900,11765,11865,172928,11865,211,37
20151126 13:47:03.000,11860,11900,11765,11865,172928,11865,211,77
20151126 13:47:05.000,11860,11900,11765,11865,172930,11865,212,76
20151126 13:47:06.000,11860,11900,11765,11865,172930,11865,226,76
20151126 13:47:07.000,11860,11900,11765,11865,172932,11865,226,76
20151126 13:47:12.000,11860,11900,11765,11865,172932,11865,226,81
20151126 13:47:17.000,11860,11900,11765,11865,172934,11865,226,80
20151126 13:47:18.000,11860,11900,11765,11865,172934,11865,226,83
20151126 13:47:18.000,11860,11900,11765,11865,173134,11860,126,83
20151126 13:47:20.000,11860,11900,11765,11865,173140,11865,126,80
20151126 13:47:21.000,11860,11900,11765,11865,173240,11860,76,80
20151126 13:47:22.000,11860,11900,11765,11865,173242,11865,76,79
20151126 13:47:24.000,11860,11900,11765,11865,173248,11860,73,79
20151126 13:47:25.000,11860,11900,11765,11865,173250,11860,72,83
20151126 13:47:26.000,11860,11900,11765,11865,173250,11860,73,84
20151126 13:47:27.000,11855,11900,11765,11865,173450,11855,196,84
20151126 13:47:29.000,11855,11900,11765,11860,173450,11855,217,41
20151126 13:47:29.000,11855,11900,11765,11860,173652,11855,118,40
20151126 13:47:30.000,11855,11900,11765,11860,173652,11855,118,50
20151126 13:47:31.000,11855,11900,11765,11860,173868,11855,10,64
20151126 13:47:31.000,11855,11900,11765,11860,173888,11855,1,64
20151126 13:47:32.000,11850,11900,11765,11855,173890,11855,239,30
20151126 13:47:32.000,11855,11900,11765,11860,174090,11860,43,2
20151126 13:47:34.000,11855,11900,11765,11860,174090,11860,44,22
20151126 13:47:36.000,11855,11900,11765,11860,174090,11860,69,63
20151126 13:47:37.000,11855,11900,11765,11860,174090,11860,70,63
20151126 13:47:38.000,11855,11900,11765,11860,174094,11855,68,67
20151126 13:47:39.000,11855,11900,11765,11860,174094,11855,69,67
20151126 13:47:40.000,11855,11900,11765,11860,174094,11855,71,67
20151126 13:47:41.000,11855,11900,11765,11860,174100,11855,69,67
20151126 13:47:42.000,11855,11900,11765,11860,174100,11855,89,67
20151126 13:47:42.000,11855,11900,11765,11860,174102,11860,89,66
20151126 13:47:43.000,11855,11900,11765,11860,174104,11860,89,66
20151126 13:47:45.000,11855,11900,11765,11860,174104,11860,103,66
20151126 13:47:45.000,11855,11900,11765,11860,174138,11855,127,67
20151126 13:47:46.000,11855,11900,11765,11860,174138,11855,129,67
20151126 13:47:47.000,11855,11900,11765,11860,174138,11855,164,67
20151126 13:47:48.000,11855,11900,11765,11860,174198,11855,134,67
20151126 13:47:49.000,11855,11900,11765,11860,174198,11855,136,67
20151126 13:47:50.000,11850,11900,11765,11855,174472,11855,237,64
20151126 13:47:51.000,11850,11900,11765,11855,174474,11855,237,63
20151126 13:47:51.000,11850,11900,11765,11855,174490,11855,232,55
20151126 13:47:52.000,11850,11900,11765,11855,174492,11855,232,84
20151126 13:47:53.000,11850,11900,11765,11855,174532,11855,233,71
20151126 13:47:53.000,11850,11900,11765,11855,174534,11855,233,76
20151126 13:47:55.000,11850,11900,11765,11855,174534,11855,233,81
20151126 13:47:55.000,11850,11900,11765,11855,174554,11855,233,71
20151126 13:47:55.000,11850,11900,11765,11855,174954,11850,47,76
20151126 13:47:56.000,11850,11900,11765,11855,174972,11850,47,71
20151126 13:47:56.000,11850,11900,11765,11855,174976,11850,45,83
20151126 13:47:57.000,11850,11900,11765,11855,174976,11850,45,84
20151126 13:47:57.000,11850,11900,11765,11855,174982,11850,42,87
20151126 13:47:58.000,11845,11900,11765,11850,175068,11850,302,26
20151126 13:47:58.000,11845,11900,11765,11850,175072,11845,301,27
20151126 13:47:59.000,11845,11900,11765,11850,175120,11845,280,38
20151126 13:47:59.000,11845,11900,11765,11850,175136,11845,272,38
20151126 13:48:01.000,11845,11900,11765,11850,175136,11845,273,38
20151126 13:48:02.000,11845,11900,11765,11850,175146,11850,284,36
20151126 13:48:03.000,11845,11900,11765,11850,175168,11845,274,36
20151126 13:48:03.000,11845,11900,11765,11850,175180,11845,269,35
20151126 13:48:04.000,11845,11900,11765,11850,175184,11850,269,34
20151126 13:48:05.000,11845,11900,11765,11850,175184,11850,279,34
20151126 13:48:06.000,11845,11900,11765,11850,175184,11850,280,36
20151126 13:48:06.000,11845,11900,11765,11850,175186,11850,318,40
20151126 13:48:07.000,11845,11900,11765,11850,175186,11850,318,41
20151126 13:48:07.000,11845,11900,11765,11850,175228,11845,317,33
20151126 13:48:08.000,11845,11900,11765,11850,175230,11850,317,32
20151126 13:48:08.000,11850,11900,11765,11855,175294,11850,3,103
20151126 13:48:09.000,11850,11900,11765,11855,175334,11855,69,83
20151126 13:48:09.000,11850,11900,11765,11855,175418,11855,101,41
20151126 13:48:10.000,11850,11900,11765,11855,175418,11855,102,41
20151126 13:48:10.000,11850,11900,11765,11855,175422,11850,100,41
20151126 13:48:12.000,11850,11900,11765,11855,175422,11850,102,41
20151126 13:48:14.000,11850,11900,11765,11855,175426,11850,100,41
20151126 13:48:14.000,11845,11900,11765,11850,175630,11850,288,101
20151126 13:48:15.000,11845,11900,11765,11850,175632,11850,288,100
20151126 13:48:17.000,11845,11900,11765,11850,175634,11850,288,99
20151126 13:48:18.000,11845,11900,11765,11850,175674,11850,287,79
20151126 13:48:18.000,11845,11900,11765,11850,175676,11850,287,78
20151126 13:48:20.000,11845,11900,11765,11850,175696,11850,283,68
20151126 13:48:20.000,11845,11900,11765,11850,175736,11850,283,48
20151126 13:48:21.000,11845,11900,11765,11850,175820,11850,283,6
20151126 13:48:21.000,11850,11900,11765,11855,175832,11850,40,94
20151126 13:48:21.000,11850,11900,11765,11855,175836,11855,50,92
20151126 13:48:22.000,11850,11900,11765,11855,175902,11850,27,82
20151126 13:48:23.000,11850,11900,11765,11855,175904,11850,26,82
20151126 13:48:23.000,11850,11900,11765,11855,175918,11855,31,81
20151126 13:48:24.000,11850,11900,11765,11855,175918,11855,41,81
20151126 13:48:26.000,11850,11900,11765,11855,175920,11850,40,81
20151126 13:48:27.000,11850,11900,11765,11855,175920,11850,50,81
20151126 13:48:28.000,11850,11900,11765,11855,175920,11850,67,82
20151126 13:48:29.000,11850,11900,11765,11855,175922,11850,67,82
20151126 13:48:30.000,11850,11900,11765,11855,175922,11850,67,86
20151126 13:48:31.000,11850,11900,11765,11855,175962,11855,49,84
20151126 13:48:31.000,11850,11900,11765,11855,175974,11850,44,84
20151126 13:48:32.000,11850,11900,11765,11855,175976,11850,43,94
20151126 13:48:33.000,11850,11900,11765,11855,175978,11850,42,94
20151126 13:48:34.000,11850,11900,11765,11855,175990,11850,41,94
20151126 13:48:34.000,11850,11900,11765,11855,175992,11855,43,93
20151126 13:48:35.000,11850,11900,11765,11855,175992,11855,48,93
20151126 13:48:37.000,11850,11900,11765,11855,175992,11855,68,93
20151126 13:48:38.000,11850,11900,11765,11855,175996,11850,67,92
20151126 13:48:38.000,11850,11900,11765,11855,175998,11850,80,80
20151126 13:48:39.000,11850,11900,11765,11855,176010,11850,74,80
20151126 13:48:40.000,11850,11900,11765,11855,176010,11850,104,80
20151126 13:48:41.000,11850,11900,11765,11855,176014,11850,102,80
20151126 13:48:42.000,11850,11900,11765,11855,176016,11850,103,80
20151126 13:48:43.000,11850,11900,11765,11855,176016,11850,103,102
20151126 13:48:44.000,11850,11900,11765,11855,176026,11850,98,155
20151126 13:48:45.000,11850,11900,11765,11855,176034,11855,96,153
20151126 13:48:46.000,11850,11900,11765,11855,176034,11855,296,119
20151126 13:48:47.000,11850,11900,11765,11855,176104,11855,296,84
20151126 13:48:48.000,11850,11900,11765,11855,176116,11855,296,78
20151126 13:48:49.000,11850,11900,11765,11855,176116,11855,296,74
20151126 13:48:50.000,11850,11900,11765,11855,176116,11855,300,74
20151126 13:48:50.000,11850,11900,11765,11855,176120,11855,300,72
20151126 13:48:51.000,11850,11900,11765,11855,176132,11855,320,66
20151126 13:48:53.000,11850,11900,11765,11855,176134,11855,320,65
20151126 13:48:53.000,11850,11900,11765,11855,176140,11850,318,64
20151126 13:48:54.000,11850,11900,11765,11855,176142,11855,318,63
20151126 13:48:55.000,11850,11900,11765,11855,176142,11855,319,63
20151126 13:48:57.000,11850,11900,11765,11855,176144,11855,319,62
20151126 13:48:58.000,11850,11900,11765,11855,176148,11855,319,60
20151126 13:48:59.000,11850,11900,11765,11855,176150,11855,319,59
20151126 13:49:01.000,11850,11900,11765,11855,176150,11855,309,59
20151126 13:49:02.000,11850,11900,11765,11855,176174,11855,309,68
20151126 13:49:03.000,11850,11900,11765,11855,176174,11855,310,69
20151126 13:49:05.000,11850,11900,11765,11855,176180,11855,311,66
20151126 13:49:06.000,11850,11900,11765,11855,176182,11855,320,65
20151126 13:49:06.000,11850,11900,11765,11855,176194,11855,316,67
20151126 13:49:09.000,11850,11900,11765,11855,176200,11855,316,66
20151126 13:49:09.000,11850,11900,11765,11855,176202,11855,316,65
20151126 13:49:10.000,11850,11900,11765,11855,176206,11855,316,63
20151126 13:49:18.000,11850,11900,11765,11855,176206,11855,316,67
20151126 13:49:20.000,11850,11900,11765,11855,176210,11855,317,65
20151126 13:49:20.000,11850,11900,11765,11855,176212,11855,317,64
20151126 13:49:21.000,11850,11900,11765,11855,176218,11855,317,61
20151126 13:49:24.000,11850,11900,11765,11855,176218,11855,317,65
20151126 13:49:24.000,11850,11900,11765,11855,176222,11855,317,63
20151126 13:49:25.000,11850,11900,11765,11855,176224,11855,317,62
20151126 13:49:26.000,11850,11900,11765,11855,176226,11855,317,61
20151126 13:49:27.000,11850,11900,11765,11855,176228,11855,317,60
20151126 13:49:30.000,11850,11900,11765,11855,176230,11855,317,59
20151126 13:49:31.000,11850,11900,11765,11855,176230,11855,317,79
20151126 13:49:31.000,11850,11900,11765,11855,176266,11855,317,61
20151126 13:49:32.000,11850,11900,11765,11855,176268,11855,317,60
20151126 13:49:33.000,11850,11900,11765,11855,176324,11855,317,32
20151126 13:49:34.000,11850,11900,11765,11855,176326,11855,318,32
20151126 13:49:34.000,11850,11900,11765,11855,176328,11855,318,31
20151126 13:49:35.000,11850,11900,11765,11855,176394,11855,318,18
20151126 13:49:36.000,11850,11900,11765,11855,176396,11855,319,17
20151126 13:49:37.000,11850,11900,11765,11855,176400,11850,317,17
20151126 13:49:38.000,11850,11900,11765,11855,176404,11855,317,15
20151126 13:49:39.000,11850,11900,11765,11855,176406,11855,317,14
20151126 13:49:40.000,11855,11900,11765,11860,176584,11855,132,537
20151126 13:49:41.000,11855,11900,11765,11860,176584,11855,133,558
20151126 13:49:41.000,11855,11900,11765,11860,176588,11860,133,556
20151126 13:49:42.000,11855,11900,11765,11860,176600,11855,162,556
20151126 13:49:44.000,11855,11900,11765,11860,176600,11855,163,556
20151126 13:49:45.000,11855,11900,11765,11860,176604,11860,163,554
20151126 13:49:46.000,11855,11900,11765,11860,176604,11860,163,553
20151126 13:49:46.000,11855,11900,11765,11860,176608,11855,161,553
20151126 13:49:48.000,11855,11900,11765,11860,176608,11855,161,554
20151126 13:49:50.000,11855,11900,11765,11860,176610,11860,161,355
20151126 13:49:52.000,11855,11900,11765,11860,176610,11860,167,355
20151126 13:49:53.000,11855,11900,11765,11860,176654,11860,167,340
20151126 13:49:57.000,11855,11900,11765,11860,176656,11860,167,339
20151126 13:49:57.000,11855,11900,11765,11860,176658,11860,167,338
20151126 13:49:59.000,11855,11900,11765,11860,176658,11860,170,338
20151126 13:50:01.000,11855,11900,11765,11860,176660,11855,170,338
20151126 13:50:02.000,11855,11900,11765,11860,176660,11855,174,338
20151126 13:50:03.000,11855,11900,11765,11860,176660,11855,175,338
20151126 13:50:04.000,11855,11900,11765,11860,176660,11855,176,338
20151126 13:50:09.000,11855,11900,11765,11860,176660,11855,176,344
20151126 13:50:10.000,11855,11900,11765,11860,176660,11855,200,344
20151126 13:50:13.000,11855,11900,11765,11860,176662,11860,200,343
20151126 13:50:13.000,11855,11900,11765,11860,176664,11860,200,342
20151126 13:50:16.000,11855,11900,11765,11860,176664,11860,206,342
20151126 13:50:24.000,11855,11900,11765,11860,176664,11860,200,342
20151126 13:50:25.000,11855,11900,11765,11860,176664,11860,165,342
20151126 13:50:26.000,11855,11900,11765,11860,176666,11860,165,342
20151126 13:50:29.000,11855,11900,11765,11860,176668,11860,175,341
20151126 13:50:30.000,11855,11900,11765,11860,176668,11860,175,344
20151126 13:50:31.000,11855,11900,11765,11860,176668,11860,176,344
20151126 13:50:31.000,11855,11900,11765,11860,176672,11860,177,342
20151126 13:50:32.000,11855,11900,11765,11860,176768,11855,129,342
20151126 13:50:33.000,11855,11900,11765,11860,176770,11860,129,341
20151126 13:50:36.000,11855,11900,11765,11860,176778,11860,129,337
20151126 13:50:37.000,11855,11900,11765,11860,176780,11860,164,336
20151126 13:50:38.000,11855,11900,11765,11860,176780,11860,176,337
20151126 13:50:40.000,11855,11900,11765,11860,176780,11860,175,337
20151126 13:50:42.000,11855,11900,11765,11860,176780,11860,151,339
20151126 13:50:42.000,11855,11900,11765,11860,176786,11855,149,338
20151126 13:50:43.000,11855,11900,11765,11860,176790,11855,147,338
20151126 13:50:44.000,11855,11900,11765,11860,176790,11855,112,340
20151126 13:50:45.000,11855,11900,11765,11860,176792,11860,112,339
20151126 13:50:45.000,11855,11900,11765,11860,176794,11860,112,337
20151126 13:50:46.000,11855,11900,11765,11860,176798,11855,110,337
20151126 13:50:47.000,11855,11900,11765,11860,176802,11855,108,337
20151126 13:50:48.000,11855,11900,11765,11860,176812,11860,108,332
20151126 13:50:48.000,11855,11900,11765,11860,176818,11855,105,332
20151126 13:50:53.000,11855,11900,11765,11860,176818,11855,106,332
20151126 13:50:54.000,11855,11900,11765,11860,176838,11855,102,327
20151126 13:50:54.000,11855,11900,11765,11860,176854,11860,137,319
20151126 13:50:54.000,11855,11900,11765,11860,176876,11860,137,308
20151126 13:50:55.000,11855,11900,11765,11860,176876,11860,132,308
20151126 13:50:56.000,11855,11900,11765,11860,177028,11860,132,232
20151126 13:50:58.000,11855,11900,11765,11860,177028,11860,127,233
20151126 13:50:59.000,11855,11900,11765,11860,177032,11855,125,233
20151126 13:51:00.000,11855,11900,11765,11860,177032,11855,90,283
20151126 13:51:00.000,11855,11900,11765,11860,177034,11860,90,282
20151126 13:51:01.000,11855,11900,11765,11860,177034,11860,125,282
20151126 13:51:02.000,11855,11900,11765,11860,177034,11860,124,282
20151126 13:51:03.000,11855,11900,11765,11860,177034,11860,124,284
20151126 13:51:05.000,11855,11900,11765,11860,177038,11860,90,282
20151126 13:51:07.000,11855,11900,11765,11860,177140,11855,39,282
20151126 13:51:08.000,11850,11900,11765,11855,177218,11855,135,11
20151126 13:51:08.000,11850,11900,11765,11855,177224,11855,135,44
20151126 13:51:08.000,11850,11900,11765,11855,177226,11855,129,43
20151126 13:51:10.000,11850,11900,11765,11855,177226,11855,129,44
20151126 13:51:14.000,11850,11900,11765,11855,177228,11855,129,43
20151126 13:51:14.000,11850,11900,11765,11855,177232,11855,131,41
20151126 13:51:15.000,11850,11900,11765,11855,177232,11855,131,43
20151126 13:51:15.000,11850,11900,11765,11855,177236,11855,129,41
20151126 13:51:16.000,11850,11900,11765,11855,177296,11855,162,11
20151126 13:51:17.000,11850,11900,11765,11855,177298,11855,162,10
20151126 13:51:18.000,11850,11900,11765,11855,177298,11855,162,19
20151126 13:51:18.000,11850,11900,11765,11855,177302,11855,161,24
20151126 13:51:19.000,11850,11900,11765,11855,177308,11855,161,21
20151126 13:51:20.000,11850,11900,11765,11855,177308,11855,166,21
20151126 13:51:21.000,11850,11900,11765,11855,177308,11855,167,21
20151126 13:51:23.000,11850,11900,11765,11855,177312,11855,167,19
20151126 13:51:24.000,11850,11900,11765,11855,177312,11855,167,59
20151126 13:51:25.000,11850,11900,11765,11855,177312,11855,166,59
20151126 13:51:27.000,11850,11900,11765,11855,177314,11855,166,58
20151126 13:51:29.000,11850,11900,11765,11855,177316,11855,166,57
20151126 13:51:30.000,11850,11900,11765,11855,177316,11855,167,57
20151126 13:51:30.000,11850,11900,11765,11855,177330,11855,167,50
20151126 13:51:32.000,11850,11900,11765,11855,177330,11855,167,52
20151126 13:51:33.000,11850,11900,11765,11855,177530,11850,73,52
20151126 13:51:34.000,11850,11900,11765,11855,177536,11850,70,72
20151126 13:51:35.000,11850,11900,11765,11855,177536,11850,70,73
20151126 13:51:36.000,11850,11900,11765,11855,177550,11850,63,73
20151126 13:51:39.000,11850,11900,11765,11855,177550,11850,63,84
20151126 13:51:43.000,11850,11900,11765,11855,177582,11855,63,68
20151126 13:51:44.000,11850,11900,11765,11855,177588,11850,62,66
20151126 13:51:44.000,11850,11900,11765,11855,177594,11855,62,63
20151126 13:51:46.000,11850,11900,11765,11855,177604,11855,74,58
20151126 13:51:47.000,11850,11900,11765,11855,177608,11855,75,56
20151126 13:51:48.000,11850,11900,11765,11855,177612,11855,75,55
20151126 13:51:48.000,11850,11900,11765,11855,177626,11855,75,48
20151126 13:51:49.000,11850,11900,11765,11855,177628,11850,74,48
20151126 13:51:49.000,11850,11900,11765,11855,177640,11855,75,43
20151126 13:51:50.000,11850,11900,11765,11855,177644,11855,75,41
20151126 13:51:51.000,11850,11900,11765,11855,177658,11855,75,44
20151126 13:51:53.000,11850,11900,11765,11855,177678,11850,74,35
20151126 13:51:53.000,11850,11900,11765,11855,177680,11850,73,35
20151126 13:51:55.000,11850,11900,11765,11855,177680,11850,61,105
20151126 13:51:56.000,11850,11900,11765,11855,177686,11850,58,106
20151126 13:51:59.000,11850,11900,11765,11855,177686,11850,62,106
20151126 13:51:59.000,11850,11900,11765,11855,177706,11855,62,100
20151126 13:52:00.000,11850,11900,11765,11855,177706,11855,62,101
20151126 13:52:01.000,11850,11900,11765,11855,177706,11855,62,105
20151126 13:52:02.000,11850,11900,11765,11855,177716,11850,57,107
20151126 13:52:03.000,11850,11900,11765,11855,177718,11850,56,107
20151126 13:52:04.000,11850,11900,11765,11855,177724,11850,53,107
20151126 13:52:04.000,11850,11900,11765,11855,177726,11855,73,106
20151126 13:52:05.000,11850,11900,11765,11855,177726,11855,84,107
20151126 13:52:06.000,11850,11900,11765,11855,177726,11855,87,107
20151126 13:52:07.000,11850,11900,11765,11855,177726,11855,87,108
20151126 13:52:08.000,11850,11900,11765,11855,177728,11850,86,108
20151126 13:52:09.000,11850,11900,11765,11855,177730,11850,117,108
20151126 13:52:10.000,11850,11900,11765,11855,177730,11850,118,108
20151126 13:52:11.000,11850,11900,11765,11855,177730,11850,118,110
20151126 13:52:12.000,11850,11900,11765,11855,177746,11855,118,102
20151126 13:52:13.000,11850,11900,11765,11855,177746,11855,118,104
20151126 13:52:14.000,11850,11900,11765,11855,177748,11855,118,103
20151126 13:52:14.000,11850,11900,11765,11855,177784,11850,100,103
20151126 13:52:16.000,11850,11900,11765,11855,177784,11850,121,103
20151126 13:52:18.000,11850,11900,11765,11855,177784,11850,122,103
20151126 13:52:19.000,11850,11900,11765,11855,177834,11850,97,105
20151126 13:52:19.000,11850,11900,11765,11855,178018,11850,5,106
20151126 13:52:20.000,11850,11900,11765,11855,178018,11850,6,106
20151126 13:52:21.000,11850,11900,11765,11855,178020,11850,4,106
20151126 13:52:22.000,11845,11900,11765,11855,178028,11850,293,106
20151126 13:52:23.000,11850,11900,11765,11855,178028,11850,11,106
20151126 13:52:24.000,11850,11900,11765,11855,178088,11850,16,106
20151126 13:52:24.000,11850,11900,11765,11855,178096,11850,12,106
20151126 13:52:25.000,11845,11900,11765,11855,178096,11850,291,106
20151126 13:52:29.000,11845,11900,11765,11850,178096,11850,341,8
20151126 13:52:30.000,11845,11900,11765,11850,178098,11845,340,9
20151126 13:52:30.000,11845,11900,11765,11850,178100,11845,339,9
20151126 13:52:31.000,11845,11900,11765,11850,178122,11845,338,16
20151126 13:52:32.000,11845,11900,11765,11850,178126,11850,336,15
20151126 13:52:33.000,11845,11900,11765,11850,178130,11845,334,38
20151126 13:52:33.000,11845,11900,11765,11850,178134,11850,334,40
20151126 13:52:34.000,11845,11900,11765,11855,178216,11855,334,104
20151126 13:52:35.000,11845,11900,11765,11850,178216,11855,334,1
20151126 13:52:35.000,11845,11900,11765,11850,178220,11845,332,2
20151126 13:52:36.000,11845,11900,11765,11850,178220,11845,333,2
20151126 13:52:37.000,11845,11900,11765,11850,178220,11845,333,5
20151126 13:52:39.000,11845,11900,11765,11850,178222,11850,333,4
20151126 13:52:40.000,11845,11900,11765,11855,178232,11850,340,110
20151126 13:52:41.000,11850,11900,11765,11855,178232,11850,11,110
20151126 13:52:41.000,11850,11900,11765,11855,178242,11850,41,110
20151126 13:52:42.000,11850,11900,11765,11855,178244,11850,5,110
20151126 13:52:43.000,11850,11900,11765,11855,178248,11850,3,110
20151126 13:52:43.000,11850,11900,11765,11855,178250,11850,2,110
20151126 13:52:45.000,11850,11900,11765,11855,178250,11850,7,110
20151126 13:52:45.000,11850,11900,11765,11855,178252,11850,6,110
20151126 13:52:45.000,11850,11900,11765,11855,178254,11850,5,110
20151126 13:52:46.000,11850,11900,11765,11855,178258,11850,3,110
20151126 13:52:48.000,11850,11900,11765,11855,178258,11850,4,111
20151126 13:52:49.000,11850,11900,11765,11855,178258,11850,49,111
20151126 13:52:49.000,11850,11900,11765,11855,178268,11850,45,111
20151126 13:52:50.000,11850,11900,11765,11855,178270,11850,44,112
20151126 13:52:51.000,11850,11900,11765,11855,178272,11850,44,112
20151126 13:52:52.000,11850,11900,11765,11855,178310,11850,25,112
20151126 13:52:57.000,11850,11900,11765,11855,178310,11850,25,113
20151126 13:53:00.000,11850,11900,11765,11855,178322,11850,6,112
20151126 13:53:02.000,11850,11900,11765,11855,178332,11850,3,112
20151126 13:53:03.000,11850,11900,11765,11855,178332,11850,3,113
20151126 13:53:05.000,11850,11900,11765,11855,178332,11850,53,112
20151126 13:53:06.000,11850,11900,11765,11855,178332,11850,53,113
20151126 13:53:06.000,11850,11900,11765,11855,178336,11850,64,113
20151126 13:53:08.000,11850,11900,11765,11855,178338,11855,64,113
20151126 13:53:10.000,11845,11900,11765,11850,178528,11850,346,6
20151126 13:53:11.000,11845,11900,11765,11850,178528,11850,346,26
20151126 13:53:11.000,11845,11900,11765,11850,178530,11845,345,26
20151126 13:53:13.000,11845,11900,11765,11850,178532,11845,354,27
20151126 13:53:16.000,11845,11900,11765,11850,178532,11845,354,37
20151126 13:53:17.000,11845,11900,11765,11850,178532,11845,354,38
20151126 13:53:18.000,11845,11900,11765,11850,178532,11845,354,72
20151126 13:53:19.000,11845,11900,11765,11850,178534,11850,354,106
20151126 13:53:20.000,11845,11900,11765,11850,178534,11850,354,107
20151126 13:53:24.000,11845,11900,11765,11850,179136,11845,70,107
20151126 13:53:25.000,11845,11900,11765,11850,179158,11845,59,107
20151126 13:53:26.000,11845,11900,11765,11850,179180,11845,48,107
20151126 13:53:26.000,11845,11900,11765,11850,179184,11845,46,107
20151126 13:53:27.000,11845,11900,11765,11850,179186,11845,45,107
20151126 13:53:28.000,11840,11900,11765,11845,179278,11845,604,95
20151126 13:53:28.000,11840,11900,11765,11845,179330,11845,604,5
20151126 13:53:28.000,11845,11900,11765,11850,179340,11845,78,107
20151126 13:53:29.000,11845,11900,11765,11850,179340,11845,79,107
20151126 13:53:30.000,11845,11900,11765,11850,179354,11845,73,106
20151126 13:53:31.000,11845,11900,11765,11850,179354,11845,73,107
20151126 13:53:31.000,11845,11900,11765,11850,179364,11850,74,106
20151126 13:53:32.000,11845,11900,11765,11850,179364,11850,96,71
20151126 13:53:34.000,11845,11900,11765,11850,179364,11850,116,71
20151126 13:53:34.000,11845,11900,11765,11850,179368,11845,114,71
20151126 13:53:35.000,11845,11900,11765,11850,179370,11845,113,71
20151126 13:53:36.000,11845,11900,11765,11850,179370,11845,113,72
20151126 13:53:38.000,11845,11900,11765,11850,179372,11845,112,72
20151126 13:53:38.000,11845,11900,11765,11850,179374,11845,111,72
20151126 13:53:40.000,11845,11900,11765,11850,179382,11845,108,72
20151126 13:53:40.000,11845,11900,11765,11850,179442,11845,80,108
20151126 13:53:41.000,11845,11900,11765,11850,179444,11845,79,108
20151126 13:53:42.000,11845,11900,11765,11850,179454,11845,74,109
20151126 13:53:43.000,11845,11900,11765,11850,179498,11845,55,107
20151126 13:53:44.000,11845,11900,11765,11850,179498,11845,37,107
20151126 13:53:44.000,11845,11900,11765,11850,179504,11845,34,107
20151126 13:53:44.000,11845,11900,11765,11850,179512,11845,30,107
20151126 13:53:45.000,11840,11900,11765,11845,179572,11845,606,72
20151126 13:53:49.000,11840,11900,11765,11845,179574,11845,606,71
20151126 13:53:49.000,11840,11900,11765,11845,179616,11840,586,70
20151126 13:53:50.000,11840,11900,11765,11845,179620,11840,584,80
20151126 13:53:50.000,11840,11900,11765,11845,179630,11845,584,93
20151126 13:53:51.000,11840,11900,11765,11845,179632,11845,584,127
20151126 13:53:53.000,11840,11900,11765,11845,179632,11845,584,129
20151126 13:53:53.000,11840,11900,11765,11845,179640,11845,584,124
20151126 13:53:54.000,11840,11900,11765,11845,179640,11845,585,124
20151126 13:53:55.000,11840,11900,11765,11845,179640,11845,589,124
20151126 13:53:56.000,11840,11900,11765,11845,179642,11840,589,124
20151126 13:53:56.000,11840,11900,11765,11845,179644,11840,590,124
20151126 13:53:57.000,11840,11900,11765,11845,179646,11840,599,124
20151126 13:53:58.000,11840,11900,11765,11845,179648,11845,599,123
20151126 13:53:59.000,11840,11900,11765,11845,179664,11845,599,115
20151126 13:53:59.000,11840,11900,11765,11845,179674,11840,594,115
20151126 13:54:00.000,11840,11900,11765,11845,179676,11840,593,116
20151126 13:54:01.000,11840,11900,11765,11845,179682,11840,591,124
20151126 13:54:02.000,11840,11900,11765,11845,179690,11840,587,124
20151126 13:54:02.000,11840,11900,11765,11845,179694,11840,586,124
20151126 13:54:03.000,11840,11900,11765,11845,179694,11840,586,123
20151126 13:54:04.000,11840,11900,11765,11845,179694,11840,586,125
20151126 13:54:04.000,11840,11900,11765,11845,179734,11840,564,125
20151126 13:54:05.000,11840,11900,11765,11845,179736,11840,563,125
20151126 13:54:06.000,11840,11900,11765,11845,179738,11840,562,125
20151126 13:54:06.000,11840,11900,11765,11845,179758,11840,553,126
20151126 13:54:07.000,11840,11900,11765,11845,179764,11845,553,123
20151126 13:54:08.000,11840,11900,11765,11845,179764,11845,553,89
20151126 13:54:08.000,11840,11900,11765,11845,179766,11840,552,125
20151126 13:54:09.000,11840,11900,11765,11845,179768,11845,552,125
20151126 13:54:11.000,11840,11900,11765,11845,179780,11840,551,120
20151126 13:54:12.000,11840,11900,11765,11845,179784,11840,559,119
20151126 13:54:13.000,11840,11900,11765,11845,179788,11845,559,84
20151126 13:54:14.000,11840,11900,11765,11845,179788,11845,561,84
20151126 13:54:16.000,11840,11900,11765,11845,179808,11840,551,119
20151126 13:54:17.000,11840,11900,11765,11845,179808,11840,562,119
20151126 13:54:19.000,11840,11900,11765,11845,179808,11840,563,119
20151126 13:54:20.000,11840,11900,11765,11845,179808,11840,565,119
20151126 13:54:23.000,11840,11900,11765,11845,179816,11845,568,117
20151126 13:54:23.000,11840,11900,11765,11845,179826,11845,568,112
20151126 13:54:26.000,11840,11900,11765,11845,179866,11840,548,112
20151126 13:54:27.000,11840,11900,11765,11845,180066,11840,448,112
20151126 13:54:27.000,11840,11900,11765,11845,180068,11845,448,111
20151126 13:54:28.000,11840,11900,11765,11845,180072,11845,448,109
20151126 13:54:29.000,11840,11900,11765,11845,180076,11840,446,109
20151126 13:54:30.000,11840,11900,11765,11845,180076,11840,449,109
20151126 13:54:31.000,11840,11900,11765,11845,180076,11840,448,109
20151126 13:54:32.000,11840,11900,11765,11845,180078,11840,447,109
20151126 13:54:33.000,11840,11900,11765,11845,180078,11840,448,110
20151126 13:54:33.000,11840,11900,11765,11845,180080,11845,448,109
20151126 13:54:33.000,11840,11900,11765,11845,180082,11845,448,108
20151126 13:54:35.000,11840,11900,11765,11845,180082,11845,439,108
20151126 13:54:36.000,11840,11900,11765,11845,180082,11845,439,109
20151126 13:54:38.000,11840,11900,11765,11845,180088,11845,439,106
20151126 13:54:38.000,11840,11900,11765,11845,180092,11845,439,104
20151126 13:54:39.000,11840,11900,11765,11845,180096,11840,440,104
20151126 13:54:39.000,11840,11900,11765,11845,180156,11840,416,104
20151126 13:54:41.000,11840,11900,11765,11845,180160,11840,414,104
20151126 13:54:42.000,11840,11900,11765,11845,180162,11845,414,103
20151126 13:54:42.000,11840,11900,11765,11845,180168,11840,411,105
20151126 13:54:43.000,11840,11900,11765,11845,180408,11845,311,86
20151126 13:54:43.000,11840,11900,11765,11845,180412,11845,311,84
20151126 13:54:43.000,11840,11900,11765,11845,180414,11845,311,83
20151126 13:54:44.000,11840,11900,11765,11845,180416,11840,318,83
20151126 13:54:44.000,11840,11900,11765,11845,180418,11840,317,83
20151126 13:54:45.000,11840,11900,11765,11845,180418,11840,317,86
20151126 13:54:46.000,11840,11900,11765,11845,180440,11845,318,76
20151126 13:54:48.000,11840,11900,11765,11845,180640,11840,218,77
20151126 13:54:48.000,11840,11900,11765,11845,180644,11845,218,76
20151126 13:54:49.000,11840,11900,11765,11845,180704,11840,188,77
20151126 13:54:50.000,11840,11900,11765,11845,180716,11840,183,77
20151126 13:54:52.000,11840,11900,11765,11845,180916,11840,86,77
20151126 13:54:53.000,11840,11900,11765,11845,180958,11840,65,78
20151126 13:54:54.000,11840,11900,11765,11845,180970,11840,59,79
20151126 13:54:55.000,11840,11900,11765,11845,180978,11840,77,79
20151126 13:54:55.000,11840,11900,11765,11845,180982,11840,76,78
20151126 13:54:56.000,11840,11900,11765,11845,180982,11840,110,79
20151126 13:54:57.000,11840,11900,11765,11845,181046,11840,100,76
20151126 13:54:57.000,11840,11900,11765,11845,181050,11840,98,76
20151126 13:54:58.000,11840,11900,11765,11845,181070,11845,118,66
20151126 13:54:59.000,11840,11900,11765,11845,181270,11840,20,117
20151126 13:55:00.000,11840,11900,11765,11845,181270,11840,21,117
20151126 13:55:01.000,11835,11900,11765,11840,181278,11840,488,5
20151126 13:55:02.000,11835,11900,11765,11840,181278,11840,488,52
20151126 13:55:03.000,11835,11900,11765,11840,181284,11840,481,59
20151126 13:55:03.000,11835,11900,11765,11840,181288,11840,481,61
20151126 13:55:04.000,11835,11900,11765,11840,181288,11840,481,62
20151126 13:55:05.000,11835,11900,11765,11840,181366,11835,442,81
20151126 13:55:05.000,11835,11900,11765,11840,181380,11840,438,80
20151126 13:55:06.000,11835,11900,11765,11840,181388,11840,436,78
20151126 13:55:06.000,11835,11900,11765,11840,181606,11840,361,87
20151126 13:55:07.000,11835,11900,11765,11840,181606,11840,365,87
20151126 13:55:07.000,11835,11900,11765,11840,181666,11835,335,87
20151126 13:55:09.000,11835,11900,11765,11840,181668,11835,334,88
20151126 13:55:10.000,11835,11900,11765,11840,181676,11840,333,85
20151126 13:55:11.000,11835,11900,11765,11840,181676,11840,335,85
20151126 13:55:12.000,11835,11900,11765,11840,181678,11835,334,85
20151126 13:55:13.000,11835,11900,11765,11840,181688,11835,329,85
20151126 13:55:14.000,11835,11900,11765,11840,181688,11835,330,85
20151126 13:55:14.000,11835,11900,11765,11840,181762,11835,293,87
20151126 13:55:15.000,11835,11900,11765,11840,181762,11835,294,87
20151126 13:55:16.000,11835,11900,11765,11840,181804,11840,274,86
20151126 13:55:16.000,11835,11900,11765,11840,181814,11835,271,84
20151126 13:55:17.000,11835,11900,11765,11840,181816,11835,270,84
20151126 13:55:18.000,11835,11900,11765,11840,181816,11835,270,85
20151126 13:55:18.000,11835,11900,11765,11840,181820,11840,270,83
20151126 13:55:19.000,11835,11900,11765,11840,181824,11835,268,83
20151126 13:55:20.000,11835,11900,11765,11840,181824,11835,268,88
20151126 13:55:21.000,11835,11900,11765,11840,181824,11835,268,91
20151126 13:55:21.000,11835,11900,11765,11840,181826,11835,267,95
20151126 13:55:22.000,11835,11900,11765,11840,181826,11835,287,95
20151126 13:55:23.000,11835,11900,11765,11840,181826,11835,287,97
20151126 13:55:23.000,11835,11900,11765,11840,181906,11835,255,98
20151126 13:55:25.000,11835,11900,11765,11840,181906,11835,265,99
20151126 13:55:26.000,11835,11900,11765,11840,181908,11835,264,99
20151126 13:55:26.000,11835,11900,11765,11840,181968,11835,284,99
20151126 13:55:27.000,11835,11900,11765,11840,181970,11835,283,99
20151126 13:55:29.000,11835,11900,11765,11840,181972,11835,282,99
20151126 13:55:30.000,11835,11900,11765,11840,181974,11840,282,98
20151126 13:55:32.000,11835,11900,11765,11840,181974,11840,282,97
20151126 13:55:33.000,11835,11900,11765,11840,181984,11835,277,97
20151126 13:55:34.000,11835,11900,11765,11840,181988,11840,277,95
20151126 13:55:35.000,11835,11900,11765,11840,182058,11835,247,95
20151126 13:55:35.000,11835,11900,11765,11840,182060,11840,247,95
20151126 13:55:37.000,11835,11900,11765,11840,182060,11840,248,95
20151126 13:55:39.000,11835,11900,11765,11840,182062,11840,248,64
20151126 13:55:39.000,11835,11900,11765,11840,182262,11835,148,95
20151126 13:55:42.000,11835,11900,11765,11840,182262,11835,148,96
20151126 13:55:43.000,11835,11900,11765,11840,182262,11835,348,65
20151126 13:55:44.000,11835,11900,11765,11840,182284,11840,367,55
20151126 13:55:44.000,11835,11900,11765,11840,182286,11840,367,54
20151126 13:55:45.000,11835,11900,11765,11840,182290,11835,366,55
20151126 13:55:46.000,11835,11900,11765,11840,182290,11835,365,86
20151126 13:55:47.000,11835,11900,11765,11840,182292,11840,372,85
20151126 13:55:49.000,11835,11900,11765,11840,182296,11840,372,83
20151126 13:55:49.000,11835,11900,11765,11840,182298,11840,372,82
20151126 13:55:50.000,11835,11900,11765,11840,182302,11840,372,80
20151126 13:55:56.000,11835,11900,11765,11840,182342,11840,372,60
20151126 13:55:56.000,11835,11900,11765,11840,182362,11835,362,60
20151126 13:55:57.000,11835,11900,11765,11840,182384,11840,362,49
20151126 13:55:57.000,11835,11900,11765,11840,182386,11840,363,17
20151126 13:55:58.000,11840,11900,11765,11845,182420,11840,24,73
20151126 13:55:59.000,11840,11900,11765,11845,182420,11840,50,73
20151126 13:55:59.000,11840,11900,11765,11845,182422,11840,50,73
20151126 13:56:00.000,11835,11900,11765,11840,182534,11840,365,80
20151126 13:56:01.000,11835,11900,11765,11840,182536,11840,375,79
20151126 13:56:02.000,11835,11900,11765,11840,182546,11840,375,84
20151126 13:56:03.000,11835,11900,11765,11840,182548,11840,375,83
20151126 13:56:04.000,11835,11900,11765,11840,182550,11840,375,82
20151126 13:56:05.000,11835,11900,11765,11840,182652,11840,377,36
20151126 13:56:06.000,11835,11900,11765,11840,182694,11840,377,15
20151126 13:56:07.000,11835,11900,11765,11840,182696,11840,376,5
20151126 13:56:07.000,11835,11900,11765,11840,182698,11835,375,5
20151126 13:56:08.000,11835,11900,11765,11840,182700,11835,374,5
20151126 13:56:09.000,11835,11900,11765,11840,182704,11840,375,3
20151126 13:56:09.000,11835,11900,11765,11840,182706,11840,375,2
20151126 13:56:10.000,11835,11900,11765,11840,182708,11840,375,2
20151126 13:56:11.000,11835,11900,11765,11840,182708,11840,375,4
20151126 13:56:12.000,11835,11900,11765,11840,182710,11840,375,15
20151126 13:56:13.000,11835,11900,11765,11840,182710,11840,375,16
20151126 13:56:13.000,11840,11900,11765,11845,182744,11840,5,70
20151126 13:56:14.000,11840,11900,11765,11845,182744,11840,41,70
20151126 13:56:14.000,11840,11900,11765,11845,182754,11845,61,65
20151126 13:56:17.000,11840,11900,11765,11845,182758,11840,63,64
20151126 13:56:17.000,11840,11900,11765,11845,182764,11840,60,64
20151126 13:56:18.000,11840,11900,11765,11845,182766,11845,61,63
20151126 13:56:18.000,11840,11900,11765,11845,182768,11840,60,63
20151126 13:56:19.000,11840,11900,11765,11845,182774,11840,58,62
20151126 13:56:20.000,11840,11900,11765,11845,182784,11840,25,62
20151126 13:56:21.000,11840,11900,11765,11845,182794,11840,20,62
20151126 13:56:22.000,11840,11900,11765,11845,182794,11840,20,65
20151126 13:56:23.000,11840,11900,11765,11845,182796,11840,19,65
20151126 13:56:25.000,11840,11900,11765,11845,182806,11840,36,65
20151126 13:56:26.000,11840,11900,11765,11845,182806,11840,36,66
20151126 13:56:27.000,11840,11900,11765,11845,182808,11840,35,66
20151126 13:56:31.000,11835,11900,11765,11840,182878,11840,376,51
20151126 13:56:32.000,11835,11900,11765,11840,182878,11840,376,54
20151126 13:56:33.000,11835,11900,11765,11840,182880,11840,376,53
20151126 13:56:35.000,11835,11900,11765,11845,182988,11845,376,65
20151126 13:56:37.000,11835,11900,11765,11845,182990,11835,375,65
20151126 13:56:39.000,11840,11900,11765,11845,182990,11835,2,65
20151126 13:56:40.000,11840,11900,11765,11845,182990,11835,60,65
20151126 13:56:44.000,11840,11900,11765,11845,182996,11840,57,65
20151126 13:56:46.000,11840,11900,11765,11845,182998,11840,56,65
20151126 13:56:47.000,11840,11900,11765,11845,182998,11840,56,66
20151126 13:56:48.000,11840,11900,11765,11845,183000,11845,56,65
20151126 13:56:49.000,11840,11900,11765,11845,183000,11845,57,66
20151126 13:56:51.000,11840,11900,11765,11845,183002,11845,65,65
20151126 13:56:52.000,11840,11900,11765,11845,183002,11845,75,65
20151126 13:56:53.000,11840,11900,11765,11845,183002,11845,76,51
20151126 13:56:54.000,11840,11900,11765,11845,183002,11845,80,51
20151126 13:56:55.000,11840,11900,11765,11845,183002,11845,81,51
20151126 13:56:58.000,11840,11900,11765,11845,183002,11845,101,48
20151126 13:56:59.000,11840,11900,11765,11845,183012,11845,111,44
20151126 13:57:00.000,11840,11900,11765,11845,183012,11845,111,49
20151126 13:57:01.000,11840,11900,11765,11845,183012,11845,112,49
20151126 13:57:02.000,11840,11900,11765,11845,183014,11840,111,49
20151126 13:57:03.000,11840,11900,11765,11845,183014,11840,117,49
20151126 13:57:04.000,11840,11900,11765,11845,183014,11840,119,49
20151126 13:57:04.000,11840,11900,11765,11845,183018,11845,119,47
20151126 13:57:05.000,11840,11900,11765,11845,183026,11845,119,43
20151126 13:57:06.000,11840,11900,11765,11845,183032,11845,119,41
20151126 13:57:07.000,11840,11900,11765,11845,183034,11845,120,40
20151126 13:57:08.000,11840,11900,11765,11845,183034,11845,122,40
20151126 13:57:08.000,11840,11900,11765,11845,183044,11845,122,35
20151126 13:57:09.000,11840,11900,11765,11845,183248,11845,20,34
20151126 13:57:10.000,11840,11900,11765,11845,183248,11845,14,98
20151126 13:57:10.000,11840,11900,11765,11845,183250,11845,14,117
20151126 13:57:11.000,11835,11900,11765,11840,183278,11840,481,187
20151126 13:57:12.000,11835,11900,11765,11845,183678,11845,481,105
20151126 13:57:16.000,11835,11900,11765,11845,183680,11845,481,104
20151126 13:57:17.000,11840,11900,11765,11845,183680,11845,5,104
20151126 13:57:18.000,11840,11900,11765,11845,183690,11840,2,104
20151126 13:57:19.000,11840,11900,11765,11845,183690,11840,2,99
20151126 13:57:20.000,11840,11900,11765,11845,183690,11840,202,99
20151126 13:57:21.000,11840,11900,11765,11845,183690,11840,255,65
20151126 13:57:22.000,11840,11900,11765,11845,183692,11845,255,64
20151126 13:57:22.000,11840,11900,11765,11845,183694,11845,256,63
20151126 13:57:23.000,11840,11900,11765,11845,183696,11845,256,32
20151126 13:57:23.000,11845,11900,11765,11850,183762,11845,5,130
20151126 13:57:24.000,11845,11900,11765,11850,183762,11845,9,130
20151126 13:57:24.000,11845,11900,11765,11850,183764,11845,8,130
20151126 13:57:26.000,11845,11900,11765,11850,183764,11845,8,129
20151126 13:57:27.000,11845,11900,11765,11850,183764,11845,207,129
20151126 13:57:28.000,11845,11900,11765,11850,183764,11845,210,129
20151126 13:57:29.000,11845,11900,11765,11850,183764,11845,210,128
20151126 13:57:30.000,11845,11900,11765,11850,183764,11845,210,122
20151126 13:57:33.000,11845,11900,11765,11850,183764,11845,207,123
20151126 13:57:36.000,11845,11900,11765,11850,183788,11850,207,111
20151126 13:57:36.000,11845,11900,11765,11850,183790,11850,207,110
20151126 13:57:37.000,11845,11900,11765,11850,183792,11850,207,109
20151126 13:57:39.000,11845,11900,11765,11850,183794,11850,210,108
20151126 13:57:41.000,11845,11900,11765,11850,183796,11850,211,107
20151126 13:57:42.000,11845,11900,11765,11850,183798,11845,210,107
20151126 13:57:43.000,11845,11900,11765,11850,183798,11845,213,107
20151126 13:57:45.000,11845,11900,11765,11850,183798,11845,216,127
20151126 13:57:50.000,11845,11900,11765,11850,183798,11845,216,164
20151126 13:57:51.000,11845,11900,11765,11850,183798,11845,217,164
20151126 13:57:54.000,11845,11900,11765,11850,183800,11850,217,201
20151126 13:57:55.000,11845,11900,11765,11850,183802,11850,217,203
20151126 13:57:59.000,11845,11900,11765,11850,183824,11850,217,192
20151126 13:58:00.000,11845,11900,11765,11850,183824,11850,217,157
20151126 13:58:02.000,11845,11900,11765,11850,183824,11850,218,159
20151126 13:58:04.000,11845,11900,11765,11850,183826,11845,217,160
20151126 13:58:05.000,11845,11900,11765,11850,183826,11845,217,158
20151126 13:58:07.000,11845,11900,11765,11850,183826,11845,217,171
20151126 13:58:09.000,11845,11900,11765,11850,183828,11850,217,172
20151126 13:58:10.000,11845,11900,11765,11850,183830,11850,217,174
20151126 13:58:11.000,11845,11900,11765,11850,183830,11850,218,174
20151126 13:58:12.000,11845,11900,11765,11850,183830,11850,219,174
20151126 13:58:15.000,11845,11900,11765,11850,183832,11850,219,173
20151126 13:58:15.000,11845,11900,11765,11850,183850,11850,219,164
20151126 13:58:15.000,11845,11900,11765,11850,183864,11850,219,157
20151126 13:58:17.000,11845,11900,11765,11850,183864,11850,222,157
20151126 13:58:17.000,11845,11900,11765,11850,183868,11850,222,155
20151126 13:58:18.000,11845,11900,11765,11850,183868,11850,222,160
20151126 13:58:22.000,11845,11900,11765,11850,183878,11850,222,155
20151126 13:58:23.000,11845,11900,11765,11850,183878,11850,225,155
20151126 13:58:26.000,11845,11900,11765,11850,183880,11850,225,154
20151126 13:58:31.000,11845,11900,11765,11850,183882,11850,225,153
20151126 13:58:31.000,11845,11900,11765,11850,183902,11850,225,143
20151126 13:58:32.000,11845,11900,11765,11850,183922,11850,225,133
20151126 13:58:33.000,11845,11900,11765,11850,183922,11850,225,131
20151126 13:58:36.000,11845,11900,11765,11850,183966,11850,225,110
20151126 13:58:37.000,11845,11900,11765,11850,183968,11850,225,109
20151126 13:58:39.000,11845,11900,11765,11850,183970,11850,225,103
20151126 13:58:39.000,11845,11900,11765,11850,183972,11850,225,102
20151126 13:58:42.000,11845,11900,11765,11850,183976,11850,225,100
20151126 13:58:45.000,11845,11900,11765,11850,183976,11850,228,99
20151126 13:58:49.000,11845,11900,11765,11850,183980,11850,228,97
20151126 13:58:50.000,11845,11900,11765,11850,183984,11850,228,95
20151126 13:58:50.000,11845,11900,11765,11850,183988,11850,229,93
20151126 13:58:51.000,11845,11900,11765,11850,183992,11850,229,91
20151126 13:58:53.000,11845,11900,11765,11850,183994,11850,229,90
20151126 13:58:54.000,11845,11900,11765,11850,183994,11850,229,92
20151126 13:58:54.000,11845,11900,11765,11850,183996,11850,226,94
20151126 13:58:56.000,11845,11900,11765,11850,184000,11850,226,92
20151126 13:58:57.000,11845,11900,11765,11850,184004,11850,229,90
20151126 13:58:58.000,11845,11900,11765,11850,184006,11850,229,89
20151126 13:59:05.000,11845,11900,11765,11850,184008,11850,229,133
20151126 13:59:06.000,11845,11900,11765,11850,184008,11850,229,136
20151126 13:59:07.000,11845,11900,11765,11850,184008,11850,229,138
20151126 13:59:08.000,11845,11900,11765,11850,184008,11850,229,103
20151126 13:59:09.000,11845,11900,11765,11850,184008,11850,229,404
20151126 13:59:11.000,11845,11900,11765,11850,184010,11850,229,403
20151126 13:59:12.000,11845,11900,11765,11850,184134,11845,168,403
20151126 13:59:13.000,11845,11900,11765,11850,184214,11845,128,404
20151126 13:59:14.000,11845,11900,11765,11850,184260,11845,105,405
20151126 13:59:15.000,11845,11900,11765,11850,184300,11845,85,407
20151126 13:59:15.000,11840,11900,11765,11845,184472,11845,155,14
20151126 13:59:16.000,11840,11900,11765,11845,184472,11845,155,80
20151126 13:59:17.000,11840,11900,11765,11845,184472,11845,155,83
20151126 13:59:18.000,11840,11900,11765,11845,184472,11845,154,83
20151126 13:59:19.000,11840,11900,11765,11845,184474,11845,148,84
20151126 13:59:20.000,11840,11900,11765,11845,184474,11845,152,84
20151126 13:59:21.000,11840,11900,11765,11845,184774,11840,3,84
20151126 13:59:22.000,11840,11900,11765,11845,184774,11840,3,285
20151126 13:59:22.000,11840,11900,11765,11845,184778,11840,21,307
20151126 13:59:23.000,11840,11900,11765,11845,184778,11840,1,307
20151126 13:59:26.000,11840,11900,11765,11845,184778,11840,7,308
20151126 13:59:26.000,11840,11900,11765,11845,184780,11840,6,308
20151126 13:59:28.000,11840,11900,11765,11845,184780,11840,8,308
20151126 13:59:29.000,11840,11900,11765,11845,184782,11840,7,308
20151126 13:59:30.000,11840,11900,11765,11845,184786,11840,6,308
20151126 13:59:31.000,11840,11900,11765,11845,184788,11845,6,307
20151126 13:59:32.000,11840,11900,11765,11845,184788,11845,9,307
20151126 13:59:33.000,11840,11900,11765,11845,184790,11840,8,307
20151126 13:59:36.000,11840,11900,11765,11845,184790,11840,14,307
20151126 13:59:37.000,11840,11900,11765,11845,184790,11840,34,307
20151126 13:59:38.000,11840,11900,11765,11845,184790,11840,35,272
20151126 13:59:39.000,11840,11900,11765,11845,184810,11845,35,262
20151126 13:59:40.000,11835,11900,11765,11840,184880,11840,340,66
20151126 13:59:44.000,11835,11900,11765,11840,184888,11840,340,62
20151126 13:59:45.000,11835,11900,11765,11840,184898,11840,340,63
20151126 13:59:45.000,11835,11900,11765,11840,184900,11840,340,62
20151126 13:59:47.000,11835,11900,11765,11840,184902,11835,339,62
20151126 13:59:49.000,11835,11900,11765,11840,184902,11835,339,100
20151126 13:59:50.000,11835,11900,11765,11840,184908,11840,338,97
20151126 13:59:51.000,11835,11900,11765,11840,184910,11840,338,99
20151126 13:59:52.000,11835,11900,11765,11840,184910,11840,336,99
20151126 13:59:56.000,11835,11900,11765,11840,184920,11840,338,95
20151126 14:00:02.000,11835,11900,11765,11840,184920,11840,338,119
20151126 14:00:03.000,11835,11900,11765,11840,184922,11840,339,118
20151126 14:00:03.000,11835,11900,11765,11840,184934,11835,333,118
20151126 14:00:03.000,11835,11900,11765,11840,184944,11835,328,118
20151126 14:00:04.000,11835,11900,11765,11840,184954,11835,323,118
20151126 14:00:09.000,11835,11900,11765,11840,184954,11835,323,116
20151126 14:00:10.000,11835,11900,11765,11840,184954,11835,346,116
20151126 14:00:13.000,11835,11900,11765,11840,184954,11835,347,71
20151126 14:00:14.000,11835,11900,11765,11840,185044,11835,302,71
20151126 14:00:15.000,11835,11900,11765,11840,185044,11835,302,72
20151126 14:00:16.000,11835,11900,11765,11840,185046,11835,301,93
20151126 14:00:17.000,11835,11900,11765,11840,185046,11835,301,94
20151126 14:00:19.000,11835,11900,11765,11840,185048,11835,302,94
20151126 14:00:20.000,11835,11900,11765,11840,185048,11835,302,95
20151126 14:00:20.000,11835,11900,11765,11840,185050,11835,301,95
20151126 14:00:21.000,11835,11900,11765,11840,185052,11835,300,95
20151126 14:00:25.000,11835,11900,11765,11840,185082,11840,300,80
20151126 14:00:26.000,11835,11900,11765,11840,185082,11840,302,80
20151126 14:00:27.000,11835,11900,11765,11840,185082,11840,302,39
20151126 14:00:29.000,11835,11900,11765,11840,185088,11840,301,36
20151126 14:00:30.000,11835,11900,11765,11840,185094,11840,298,44
20151126 14:00:31.000,11835,11900,11765,11840,185100,11840,296,41
20151126 14:00:32.000,11835,11900,11765,11840,185224,11840,246,29
20151126 14:00:33.000,11835,11900,11765,11840,185224,11840,249,49
20151126 14:00:33.000,11835,11900,11765,11840,185278,11840,249,22
20151126 14:00:36.000,11835,11900,11765,11840,185278,11840,249,23
20151126 14:00:37.000,11835,11900,11765,11840,185280,11840,249,22
20151126 14:00:38.000,11835,11900,11765,11840,185280,11840,249,17
20151126 14:00:39.000,11835,11900,11765,11840,185280,11840,269,17
20151126 14:00:40.000,11835,11900,11765,11840,185280,11840,269,18
20151126 14:00:44.000,11835,11900,11765,11840,185282,11840,269,17
20151126 14:00:44.000,11835,11900,11765,11840,185286,11840,269,15
20151126 14:00:45.000,11835,11900,11765,11840,185286,11840,269,24
20151126 14:00:46.000,11835,11900,11765,11840,185298,11835,263,60
20151126 14:00:50.000,11835,11900,11765,11840,185298,11835,262,60
20151126 14:00:50.000,11835,11900,11765,11840,185310,11840,258,59
20151126 14:00:51.000,11835,11900,11765,11840,185336,11840,246,59
20151126 14:00:52.000,11835,11900,11765,11840,185546,11840,146,54
20151126 14:00:53.000,11835,11900,11765,11840,185546,11840,147,114
20151126 14:01:02.000,11835,11900,11765,11840,185546,11840,148,114
20151126 14:01:04.000,11835,11900,11765,11840,185546,11840,148,116
20151126 14:01:06.000,11835,11900,11765,11840,185548,11835,180,116
20151126 14:01:07.000,11835,11900,11765,11840,185548,11835,180,41
20151126 14:01:08.000,11835,11900,11765,11840,185548,11835,181,41
20151126 14:01:08.000,11835,11900,11765,11840,185550,11840,181,40
20151126 14:01:10.000,11835,11900,11765,11840,185594,11840,159,23
20151126 14:01:11.000,11835,11900,11765,11840,185596,11840,159,6
20151126 14:01:12.000,11835,11900,11765,11840,185598,11840,159,5
20151126 14:01:13.000,11835,11900,11765,11840,185598,11840,159,6
20151126 14:01:13.000,11840,11900,11765,11845,185610,11840,5,269
20151126 14:01:16.000,11840,11900,11765,11845,185618,11840,1,269
20151126 14:01:17.000,11835,11900,11765,11845,185620,11840,172,269
20151126 14:01:18.000,11835,11900,11765,11840,185620,11840,172,72
20151126 14:01:19.000,11835,11900,11765,11840,185620,11840,172,142
20151126 14:01:19.000,11835,11900,11765,11840,185624,11835,175,142
20151126 14:01:21.000,11835,11900,11765,11840,185624,11835,222,142
20151126 14:01:22.000,11835,11900,11765,11840,185624,11835,223,145
20151126 14:01:25.000,11835,11900,11765,11840,185624,11835,243,75
20151126 14:01:26.000,11835,11900,11765,11840,185624,11835,243,40
20151126 14:01:27.000,11840,11900,11765,11845,185708,11840,129,272
20151126 14:01:28.000,11840,11900,11765,11845,185714,11840,130,272
20151126 14:01:29.000,11840,11900,11765,11845,185854,11840,60,272
20151126 14:01:30.000,11840,11900,11765,11845,185856,11840,59,272
20151126 14:01:31.000,11840,11900,11765,11845,185896,11840,40,272
20151126 14:01:32.000,11840,11900,11765,11845,185908,11840,34,272
20151126 14:01:33.000,11840,11900,11765,11845,185952,11845,34,239
20151126 14:01:34.000,11840,11900,11765,11845,185952,11845,69,236
20151126 14:01:36.000,11840,11900,11765,11845,185952,11845,120,236
20151126 14:01:37.000,11840,11900,11765,11845,185952,11845,121,236
20151126 14:01:38.000,11840,11900,11765,11845,185952,11845,122,237
20151126 14:01:39.000,11840,11900,11765,11845,185952,11845,122,235
20151126 14:01:40.000,11840,11900,11765,11845,185954,11840,121,235
20151126 14:01:42.000,11840,11900,11765,11845,185954,11840,123,235
20151126 14:01:43.000,11840,11900,11765,11845,185974,11845,123,225
20151126 14:01:45.000,11840,11900,11765,11845,185974,11845,123,228
20151126 14:01:47.000,11840,11900,11765,11845,185974,11845,124,228
20151126 14:01:48.000,11840,11900,11765,11845,185974,11845,89,229
20151126 14:01:49.000,11840,11900,11765,11845,185974,11845,89,230
20151126 14:01:49.000,11840,11900,11765,11845,185976,11845,94,226
20151126 14:01:52.000,11840,11900,11765,11845,185990,11845,94,219
20151126 14:01:53.000,11840,11900,11765,11845,185990,11845,149,219
20151126 14:01:53.000,11840,11900,11765,11845,185998,11840,145,219
20151126 14:01:55.000,11840,11900,11765,11845,186000,11845,145,217
20151126 14:01:58.000,11840,11900,11765,11845,186000,11845,145,223
20151126 14:01:59.000,11840,11900,11765,11845,186000,11845,146,223
20151126 14:02:00.000,11840,11900,11765,11845,186000,11845,147,223
20151126 14:02:02.000,11840,11900,11765,11845,186000,11845,146,223
20151126 14:02:03.000,11840,11900,11765,11845,186006,11840,143,222
20151126 14:02:04.000,11840,11900,11765,11845,186008,11845,145,221
20151126 14:02:05.000,11840,11900,11765,11845,186008,11845,147,221
20151126 14:02:06.000,11840,11900,11765,11845,186008,11845,147,222
20151126 14:02:08.000,11840,11900,11765,11845,186022,11840,140,222
20151126 14:02:09.000,11840,11900,11765,11845,186052,11840,91,222
20151126 14:02:10.000,11840,11900,11765,11845,186062,11840,86,222
20151126 14:02:12.000,11840,11900,11765,11845,186062,11840,88,222
20151126 14:02:14.000,11840,11900,11765,11845,186062,11840,90,222
20151126 14:02:18.000,11840,11900,11765,11845,186062,11840,143,223
20151126 14:02:21.000,11840,11900,11765,11845,186066,11840,143,223
20151126 14:02:24.000,11840,11900,11765,11845,186066,11840,177,223
20151126 14:02:25.000,11840,11900,11765,11845,186066,11840,178,223
20151126 14:02:26.000,11840,11900,11765,11845,186068,11845,180,222
20151126 14:02:28.000,11840,11900,11765,11845,186072,11845,180,220
20151126 14:02:30.000,11840,11900,11765,11845,186078,11845,180,217
20151126 14:02:34.000,11840,11900,11765,11845,186080,11840,179,217
20151126 14:02:35.000,11840,11900,11765,11845,186080,11840,183,217
20151126 14:02:37.000,11840,11900,11765,11845,186080,11840,184,217
20151126 14:02:41.000,11840,11900,11765,11845,186080,11840,185,217
20151126 14:02:42.000,11840,11900,11765,11845,186080,11840,150,220
20151126 14:02:43.000,11840,11900,11765,11845,186080,11840,148,220
20151126 14:02:43.000,11840,11900,11765,11845,186082,11840,147,220
20151126 14:02:48.000,11840,11900,11765,11845,186084,11840,211,220
20151126 14:02:51.000,11840,11900,11765,11845,186086,11840,209,220
20151126 14:02:52.000,11840,11900,11765,11845,186106,11845,210,210
20151126 14:02:55.000,11840,11900,11765,11845,186106,11845,212,211
20151126 14:02:56.000,11840,11900,11765,11845,186108,11845,213,210
20151126 14:02:57.000,11840,11900,11765,11845,186112,11845,213,208
20151126 14:02:59.000,11840,11900,11765,11845,186112,11845,213,207
20151126 14:03:00.000,11840,11900,11765,11845,186114,11840,212,207
20151126 14:03:03.000,11840,11900,11765,11845,186114,11840,213,207
20151126 14:03:04.000,11840,11900,11765,11845,186116,11840,212,207
20151126 14:03:09.000,11840,11900,11765,11845,186116,11840,182,207
20151126 14:03:11.000,11840,11900,11765,11845,186116,11840,193,207
20151126 14:03:12.000,11840,11900,11765,11845,186116,11840,193,210
20151126 14:03:13.000,11840,11900,11765,11845,186116,11840,197,214
20151126 14:03:14.000,11840,11900,11765,11845,186116,11840,197,225
20151126 14:03:15.000,11840,11900,11765,11845,186116,11840,217,225
20151126 14:03:15.000,11840,11900,11765,11845,186130,11840,210,225
20151126 14:03:15.000,11840,11900,11765,11845,186144,11840,203,225
20151126 14:03:16.000,11840,11900,11765,11845,186146,11845,203,224
20151126 14:03:18.000,11840,11900,11765,11845,186146,11845,233,224
20151126 14:03:19.000,11840,11900,11765,11845,186146,11845,233,259
20151126 14:03:20.000,11840,11900,11765,11845,186148,11845,233,260
20151126 14:03:21.000,11840,11900,11765,11845,186148,11845,233,268
20151126 14:03:22.000,11840,11900,11765,11845,186148,11845,233,269
20151126 14:03:24.000,11840,11900,11765,11845,186148,11845,236,269
20151126 14:03:29.000,11840,11900,11765,11845,186158,11840,231,269
20151126 14:03:30.000,11840,11900,11765,11845,186160,11845,231,268
20151126 14:03:30.000,11840,11900,11765,11845,186162,11840,200,268
20151126 14:03:31.000,11840,11900,11765,11845,186162,11840,201,275
20151126 14:03:35.000,11840,11900,11765,11845,186164,11845,201,274
20151126 14:03:37.000,11840,11900,11765,11845,186164,11845,200,274
20151126 14:03:39.000,11840,11900,11765,11845,186168,11840,193,274
20151126 14:03:40.000,11840,11900,11765,11845,186368,11845,193,174
20151126 14:03:41.000,11840,11900,11765,11845,186400,11840,177,177
20151126 14:03:42.000,11840,11900,11765,11845,186402,11840,177,177
20151126 14:03:49.000,11840,11900,11765,11845,186402,11840,177,195
20151126 14:03:52.000,11840,11900,11765,11845,186402,11840,176,195
20151126 14:03:53.000,11840,11900,11765,11845,186602,11840,76,195
20151126 14:03:53.000,11840,11900,11765,11845,186604,11840,75,195
20151126 14:03:54.000,11840,11900,11765,11845,186604,11840,75,197
20151126 14:03:54.000,11840,11900,11765,11845,186606,11840,74,197
20151126 14:03:57.000,11840,11900,11765,11845,186610,11845,74,160
20151126 14:03:58.000,11840,11900,11765,11845,186610,11845,109,180
20151126 14:03:59.000,11840,11900,11765,11845,186612,11840,108,180
20151126 14:04:00.000,11840,11900,11765,11845,186612,11840,128,181
20151126 14:04:01.000,11840,11900,11765,11845,186612,11840,130,181
20151126 14:04:01.000,11840,11900,11765,11845,186618,11840,129,181
20151126 14:04:03.000,11840,11900,11765,11845,186618,11840,129,221
20151126 14:04:04.000,11840,11900,11765,11845,186618,11840,130,221
20151126 14:04:04.000,11840,11900,11765,11845,186638,11840,120,221
20151126 14:04:05.000,11840,11900,11765,11845,186640,11840,119,222
20151126 14:04:09.000,11840,11900,11765,11845,186640,11840,119,223
20151126 14:04:10.000,11840,11900,11765,11845,186642,11840,118,223
20151126 14:04:11.000,11840,11900,11765,11845,186652,11840,78,223
20151126 14:04:11.000,11840,11900,11765,11845,186654,11840,76,223
20151126 14:04:12.000,11840,11900,11765,11845,186656,11840,56,223
20151126 14:04:12.000,11840,11900,11765,11845,186712,11840,28,227
20151126 14:04:13.000,11840,11900,11765,11845,186712,11840,29,228
20151126 14:04:13.000,11840,11900,11765,11845,186714,11840,63,228
20151126 14:04:14.000,11840,11900,11765,11845,186724,11840,58,228
20151126 14:04:15.000,11840,11900,11765,11845,186728,11840,56,228
20151126 14:04:16.000,11840,11900,11765,11845,186730,11840,57,228
20151126 14:04:22.000,11840,11900,11765,11845,186730,11840,57,229
20151126 14:04:22.000,11840,11900,11765,11845,186732,11840,56,229
20151126 14:04:23.000,11840,11900,11765,11845,186772,11840,36,229
20151126 14:04:24.000,11835,11900,11765,11840,186850,11840,328,62
20151126 14:04:25.000,11835,11900,11765,11840,186850,11840,328,70
20151126 14:04:26.000,11835,11900,11765,11840,186850,11840,328,76
20151126 14:04:27.000,11835,11900,11765,11840,186856,11840,330,73
20151126 14:04:28.000,11835,11900,11765,11840,186856,11840,330,83
20151126 14:04:28.000,11835,11900,11765,11840,186858,11840,330,82
20151126 14:04:29.000,11835,11900,11765,11840,186858,11840,330,187
20151126 14:04:30.000,11835,11900,11765,11840,186862,11835,328,187
20151126 14:04:31.000,11835,11900,11765,11840,186864,11840,328,186
20151126 14:04:32.000,11835,11900,11765,11840,186864,11840,328,153
20151126 14:04:33.000,11835,11900,11765,11840,186864,11840,328,189
20151126 14:04:33.000,11835,11900,11765,11840,186904,11840,328,169
20151126 14:04:34.000,11835,11900,11765,11840,186910,11835,325,180
20151126 14:04:36.000,11835,11900,11765,11840,186912,11840,325,144
20151126 14:04:42.000,11835,11900,11765,11840,186912,11840,330,144
20151126 14:04:43.000,11835,11900,11765,11840,186912,11840,330,146
20151126 14:04:45.000,11835,11900,11765,11840,186912,11840,330,156
20151126 14:04:46.000,11835,11900,11765,11840,186912,11840,330,157
20151126 14:04:47.000,11835,11900,11765,11840,186918,11835,327,157
20151126 14:04:49.000,11835,11900,11765,11840,186920,11835,326,192
20151126 14:04:50.000,11835,11900,11765,11840,186920,11835,326,193
20151126 14:04:52.000,11835,11900,11765,11840,186960,11840,326,166
20151126 14:04:52.000,11835,11900,11765,11840,186962,11840,328,130
20151126 14:04:53.000,11835,11900,11765,11840,187000,11840,328,111
20151126 14:04:54.000,11835,11900,11765,11840,187000,11840,333,111
20151126 14:04:55.000,11835,11900,11765,11840,187004,11835,331,146
20151126 14:04:56.000,11835,11900,11765,11840,187004,11835,331,147
20151126 14:04:57.000,11835,11900,11765,11840,187004,11835,332,147
20151126 14:04:57.000,11835,11900,11765,11840,187008,11840,333,110
20151126 14:04:59.000,11835,11900,11765,11840,187008,11840,340,110
20151126 14:05:00.000,11835,11900,11765,11840,187008,11840,340,115
20151126 14:05:01.000,11835,11900,11765,11840,187012,11835,338,115
20151126 14:05:04.000,11835,11900,11765,11840,187024,11840,338,144
20151126 14:05:08.000,11835,11900,11765,11840,187024,11840,338,145
20151126 14:05:09.000,11835,11900,11765,11840,187024,11840,338,146
20151126 14:05:10.000,11835,11900,11765,11840,187044,11840,338,176
20151126 14:05:11.000,11835,11900,11765,11840,187054,11840,338,171
20151126 14:05:12.000,11835,11900,11765,11840,187056,11840,338,170
20151126 14:05:15.000,11835,11900,11765,11840,187056,11840,336,170
20151126 14:05:17.000,11835,11900,11765,11840,187060,11840,335,123
20151126 14:05:17.000,11835,11900,11765,11840,187062,11840,335,122
20151126 14:05:20.000,11835,11900,11765,11840,187062,11840,335,127
20151126 14:05:21.000,11835,11900,11765,11840,187062,11840,335,133
20151126 14:05:28.000,11835,11900,11765,11840,187064,11835,338,168
20151126 14:05:29.000,11835,11900,11765,11840,187064,11835,340,168
20151126 14:05:33.000,11835,11900,11765,11840,187064,11835,340,178
20151126 14:05:33.000,11835,11900,11765,11840,187220,11835,263,178
20151126 14:05:34.000,11835,11900,11765,11840,187220,11835,265,178
20151126 14:05:35.000,11835,11900,11765,11840,187220,11835,265,182
20151126 14:05:36.000,11835,11900,11765,11840,187228,11835,261,182
20151126 14:05:37.000,11835,11900,11765,11840,187230,11840,261,181
20151126 14:05:38.000,11835,11900,11765,11840,187384,11835,184,181
20151126 14:05:39.000,11835,11900,11765,11840,187398,11835,178,180
20151126 14:05:39.000,11835,11900,11765,11840,187474,11835,140,188
20151126 14:05:40.000,11835,11900,11765,11840,187484,11835,135,188
20151126 14:05:40.000,11835,11900,11765,11840,187604,11835,77,186
20151126 14:05:41.000,11835,11900,11765,11840,187686,11835,36,147
20151126 14:05:41.000,11835,11900,11765,11840,187696,11835,31,150
20151126 14:05:42.000,11830,11900,11765,11835,187758,11835,622,1
20151126 14:05:42.000,11835,11900,11765,11840,187762,11835,20,151
20151126 14:05:44.000,11835,11900,11765,11840,187762,11835,20,148
20151126 14:05:45.000,11835,11900,11765,11840,187764,11835,19,149
20151126 14:05:47.000,11835,11900,11765,11840,187766,11835,18,150
20151126 14:05:51.000,11835,11900,11765,11840,187806,11840,18,95
20151126 14:05:52.000,11835,11900,11765,11840,187808,11835,59,95
20151126 14:05:53.000,11835,11900,11765,11840,187808,11835,65,97
20151126 14:05:54.000,11835,11900,11765,11840,187808,11835,69,98
20151126 14:05:55.000,11835,11900,11765,11840,187808,11835,69,90
20151126 14:05:57.000,11835,11900,11765,11840,187808,11835,70,90
20151126 14:05:57.000,11835,11900,11765,11840,187812,11840,70,88
20151126 14:05:58.000,11835,11900,11765,11840,187812,11840,70,91
20151126 14:05:59.000,11835,11900,11765,11840,187814,11840,80,90
20151126 14:06:00.000,11835,11900,11765,11840,187814,11840,81,90
20151126 14:06:01.000,11835,11900,11765,11840,187814,11840,113,90
20151126 14:06:02.000,11835,11900,11765,11840,187816,11835,112,125
20151126 14:06:07.000,11830,11900,11765,11835,188040,11835,625,88
20151126 14:06:08.000,11830,11900,11765,11835,188040,11835,625,94
20151126 14:06:09.000,11830,11900,11765,11835,188052,11830,619,115
20151126 14:06:10.000,11830,11900,11765,11835,188182,11830,554,129
20151126 14:06:10.000,11830,11900,11765,11835,188238,11830,526,129
20151126 14:06:11.000,11830,11900,11765,11835,188266,11830,512,130
20151126 14:06:12.000,11830,11900,11765,11835,188266,11830,512,133
20151126 14:06:15.000,11830,11900,11765,11835,188346,11830,473,168
20151126 14:06:15.000,11830,11900,11765,11835,188356,11830,468,169
20151126 14:06:16.000,11830,11900,11765,11835,188358,11830,468,184
20151126 14:06:16.000,11830,11900,11765,11835,188434,11830,432,185
20151126 14:06:19.000,11830,11900,11765,11835,188434,11830,432,67
20151126 14:06:19.000,11830,11900,11765,11835,188476,11830,481,47
20151126 14:06:20.000,11830,11900,11765,11835,188478,11830,480,48
20151126 14:06:20.000,11830,11900,11765,11835,188494,11835,477,43
20151126 14:06:21.000,11830,11900,11765,11835,188494,11835,477,44
20151126 14:06:22.000,11830,11900,11765,11835,188670,11830,396,44
20151126 14:06:23.000,11830,11900,11765,11835,188670,11830,396,83
20151126 14:06:23.000,11830,11900,11765,11835,188672,11830,395,84
20151126 14:06:24.000,11830,11900,11765,11835,188672,11830,395,87
20151126 14:06:24.000,11830,11900,11765,11835,188710,11830,376,89
20151126 14:06:24.000,11830,11900,11765,11835,188718,11830,372,97
20151126 14:06:25.000,11830,11900,11765,11835,188738,11835,372,87
20151126 14:06:26.000,11830,11900,11765,11835,188746,11830,383,110
20151126 14:06:26.000,11830,11900,11765,11835,188758,11835,378,110
20151126 14:06:28.000,11830,11900,11765,11835,188758,11835,375,112
20151126 14:06:30.000,11830,11900,11765,11835,188768,11835,375,108
20151126 14:06:30.000,11830,11900,11765,11835,188794,11835,372,80
20151126 14:06:31.000,11830,11900,11765,11835,188838,11835,371,66
20151126 14:06:32.000,11830,11900,11765,11835,188898,11835,371,34
20151126 14:06:34.000,11830,11900,11765,11835,188900,11835,371,33
20151126 14:06:35.000,11830,11900,11765,11835,188900,11835,371,69
20151126 14:06:38.000,11830,11900,11765,11835,188904,11830,370,69
20151126 14:06:39.000,11830,11900,11765,11835,188906,11835,370,75
20151126 14:06:40.000,11830,11900,11765,11835,188906,11835,370,85
20151126 14:06:41.000,11830,11900,11765,11835,188920,11830,363,85
20151126 14:06:42.000,11830,11900,11765,11835,188922,11830,367,85
20151126 14:06:43.000,11830,11900,11765,11835,188924,11830,366,85
20151126 14:06:45.000,11830,11900,11765,11835,188924,11830,366,90
20151126 14:06:47.000,11830,11900,11765,11835,188924,11830,366,95
20151126 14:06:48.000,11830,11900,11765,11835,188926,11835,366,95
20151126 14:06:50.000,11830,11900,11765,11835,188966,11835,366,80
20151126 14:06:50.000,11830,11900,11765,11835,188972,11830,363,45
20151126 14:06:51.000,11830,11900,11765,11835,188984,11835,363,40
20151126 14:06:52.000,11830,11900,11765,11835,188984,11835,363,60
20151126 14:06:53.000,11830,11900,11765,11835,188984,11835,363,61
20151126 14:06:54.000,11830,11900,11765,11835,189084,11830,313,65
20151126 14:06:55.000,11830,11900,11765,11835,189084,11830,313,142
20151126 14:06:56.000,11830,11900,11765,11835,189088,11830,312,153
20151126 14:06:58.000,11830,11900,11765,11835,189092,11835,312,167
20151126 14:06:58.000,11830,11900,11765,11835,189116,11830,300,167
20151126 14:07:00.000,11830,11900,11765,11835,189116,11830,300,194
20151126 14:07:00.000,11830,11900,11765,11835,189126,11830,295,194
20151126 14:07:00.000,11830,11900,11765,11835,189128,11830,294,194
20151126 14:07:01.000,11830,11900,11765,11835,189140,11835,291,191
20151126 14:07:02.000,11830,11900,11765,11835,189140,11835,292,191
20151126 14:07:04.000,11830,11900,11765,11835,189142,11835,292,190
20151126 14:07:05.000,11830,11900,11765,11835,189142,11835,292,192
20151126 14:07:05.000,11830,11900,11765,11835,189152,11830,287,192
20151126 14:07:06.000,11830,11900,11765,11835,189154,11830,287,192
20151126 14:07:07.000,11830,11900,11765,11835,189154,11830,288,192
20151126 14:07:08.000,11830,11900,11765,11835,189154,11830,290,193
20151126 14:07:09.000,11830,11900,11765,11835,189156,11835,290,192
20151126 14:07:10.000,11830,11900,11765,11835,189156,11835,320,192
20151126 14:07:10.000,11830,11900,11765,11835,189162,11830,317,192
20151126 14:07:11.000,11830,11900,11765,11835,189162,11830,317,197
20151126 14:07:15.000,11830,11900,11765,11835,189164,11830,316,197
20151126 14:07:18.000,11830,11900,11765,11835,189364,11830,216,198
20151126 14:07:19.000,11830,11900,11765,11835,189524,11830,138,200
20151126 14:07:20.000,11830,11900,11765,11835,189712,11830,49,228
20151126 14:07:20.000,11825,11900,11765,11830,189810,11830,283,143
20151126 14:07:21.000,11825,11900,11765,11830,189814,11825,281,110
20151126 14:07:21.000,11825,11900,11765,11830,189822,11830,285,143
20151126 14:07:23.000,11825,11900,11765,11830,189862,11830,285,127
20151126 14:07:23.000,11825,11900,11765,11830,189864,11830,284,126
20151126 14:07:25.000,11825,11900,11765,11830,189866,11825,283,126
20151126 14:07:26.000,11825,11900,11765,11830,189912,11825,265,122
20151126 14:07:26.000,11825,11900,11765,11830,189942,11825,252,121
20151126 14:07:27.000,11825,11900,11765,11830,189944,11825,251,132
20151126 14:07:28.000,11825,11900,11765,11830,189944,11825,261,132
20151126 14:07:28.000,11825,11900,11765,11830,189948,11825,259,132
20151126 14:07:30.000,11825,11900,11765,11830,189948,11825,259,134
20151126 14:07:30.000,11825,11900,11765,11830,189954,11825,256,134
20151126 14:07:31.000,11825,11900,11765,11830,189954,11825,257,124
20151126 14:07:31.000,11825,11900,11765,11830,189960,11825,254,124
20151126 14:07:32.000,11825,11900,11765,11830,189962,11825,253,124
20151126 14:07:33.000,11825,11900,11765,11830,189962,11825,253,128
20151126 14:07:33.000,11825,11900,11765,11830,189974,11825,250,125
20151126 14:07:34.000,11825,11900,11765,11830,189974,11825,250,160
20151126 14:07:34.000,11825,11900,11765,11830,189976,11825,249,160
20151126 14:07:35.000,11825,11900,11765,11830,189978,11825,248,160
20151126 14:07:36.000,11825,11900,11765,11830,189978,11825,248,161
20151126 14:07:37.000,11825,11900,11765,11830,189996,11825,239,161
20151126 14:07:38.000,11825,11900,11765,11830,190020,11825,235,162
20151126 14:07:39.000,11825,11900,11765,11830,190026,11825,235,168
20151126 14:07:39.000,11825,11900,11765,11830,190028,11825,234,169
20151126 14:07:41.000,11825,11900,11765,11830,190028,11825,234,170
20151126 14:07:42.000,11825,11900,11765,11830,190034,11825,231,171
20151126 14:07:42.000,11825,11900,11765,11830,190054,11825,221,179
20151126 14:07:43.000,11825,11900,11765,11830,190056,11825,220,181
20151126 14:07:44.000,11825,11900,11765,11830,190062,11825,217,181
20151126 14:07:44.000,11825,11900,11765,11830,190064,11825,216,181
20151126 14:07:44.000,11825,11900,11765,11830,190074,11825,211,186
20151126 14:07:45.000,11825,11900,11765,11830,190076,11830,212,186
20151126 14:07:45.000,11825,11900,11765,11830,190080,11825,210,186
20151126 14:07:46.000,11825,11900,11765,11830,190458,11825,110,98
20151126 14:07:47.000,11825,11900,11765,11830,190470,11825,105,103
20151126 14:07:48.000,11825,11900,11765,11830,190470,11825,107,111
20151126 14:07:49.000,11825,11900,11765,11830,190502,11825,91,211
20151126 14:07:50.000,11825,11900,11765,11830,190512,11825,91,211
20151126 14:07:50.000,11825,11900,11765,11830,190560,11825,67,205
20151126 14:07:51.000,11825,11900,11765,11830,190568,11825,63,172
20151126 14:07:51.000,11825,11900,11765,11830,190572,11825,61,172
20151126 14:07:51.000,11825,11900,11765,11830,190574,11830,61,171
20151126 14:07:52.000,11825,11900,11765,11830,190594,11825,51,171
20151126 14:07:53.000,11825,11900,11765,11830,190604,11825,46,203
20151126 14:07:53.000,11825,11900,11765,11830,190614,11825,42,202
20151126 14:07:53.000,11820,11900,11765,11825,190698,11825,314,36
20151126 14:07:54.000,11825,11900,11765,11830,190700,11825,29,182
20151126 14:07:55.000,11825,11900,11765,11830,190710,11825,57,183
20151126 14:07:55.000,11825,11900,11765,11830,190720,11825,72,183
20151126 14:07:56.000,11825,11900,11765,11830,190722,11825,92,183
20151126 14:07:56.000,11825,11900,11765,11830,190726,11825,92,182
20151126 14:07:57.000,11825,11900,11765,11830,191248,11825,7,149
20151126 14:07:57.000,11820,11900,11765,11825,191334,11820,116,6
20151126 14:07:58.000,11820,11900,11765,11825,191380,11820,107,26
20151126 14:07:58.000,11820,11900,11765,11825,191384,11820,107,47
20151126 14:07:59.000,11820,11900,11765,11825,191386,11825,107,50
20151126 14:07:59.000,11820,11900,11765,11825,191388,11820,110,82
20151126 14:07:59.000,11820,11900,11765,11825,191398,11820,108,82
20151126 14:08:01.000,11820,11900,11765,11825,191398,11820,108,83
20151126 14:08:01.000,11820,11900,11765,11825,191406,11820,118,83
20151126 14:08:01.000,11820,11900,11765,11825,191408,11825,180,83
20151126 14:08:02.000,11820,11900,11765,11825,191408,11825,179,61
20151126 14:08:03.000,11820,11900,11765,11825,191410,11820,178,61
20151126 14:08:03.000,11820,11900,11765,11825,191414,11820,176,61
20151126 14:08:04.000,11820,11900,11765,11825,191414,11820,176,64
20151126 14:08:05.000,11820,11900,11765,11825,191418,11820,174,64
20151126 14:08:07.000,11820,11900,11765,11825,191422,11825,173,121
20151126 14:08:08.000,11820,11900,11765,11825,191424,11820,172,131
20151126 14:08:08.000,11820,11900,11765,11825,191438,11820,191,131
20151126 14:08:09.000,11820,11900,11765,11825,191438,11820,201,115
20151126 14:08:10.000,11820,11900,11765,11825,191440,11820,215,117
20151126 14:08:11.000,11820,11900,11765,11825,191540,11820,168,115
20151126 14:08:11.000,11815,11900,11765,11820,191882,11820,276,111
20151126 14:08:12.000,11815,11900,11765,11820,191886,11820,288,101
20151126 14:08:12.000,11815,11900,11765,11820,191890,11820,288,99
20151126 14:08:13.000,11815,11900,11765,11820,191948,11815,271,123
20151126 14:08:14.000,11815,11900,11765,11820,192000,11815,250,122
20151126 14:08:14.000,11815,11900,11765,11820,192014,11820,244,145
20151126 14:08:15.000,11815,11900,11765,11820,192014,11820,244,150
20151126 14:08:15.000,11815,11900,11765,11820,192016,11815,243,151
20151126 14:08:15.000,11815,11900,11765,11820,192024,11815,239,151
20151126 14:08:16.000,11815,11900,11765,11820,192028,11820,239,149
20151126 14:08:17.000,11815,11900,11765,11820,192028,11820,242,149
20151126 14:08:17.000,11815,11900,11765,11820,192030,11820,242,126
20151126 14:08:18.000,11815,11900,11765,11820,192230,11815,147,126
20151126 14:08:18.000,11815,11900,11765,11820,192234,11815,146,147
20151126 14:08:19.000,11815,11900,11765,11820,192246,11815,147,144
20151126 14:08:19.000,11815,11900,11765,11820,192252,11815,167,146
20151126 14:08:20.000,11815,11900,11765,11820,192254,11815,166,146
20151126 14:08:20.000,11815,11900,11765,11820,192264,11820,168,149
20151126 14:08:21.000,11815,11900,11765,11820,192266,11815,167,149
20151126 14:08:22.000,11815,11900,11765,11820,192278,11815,179,158
20151126 14:08:22.000,11815,11900,11765,11820,192286,11820,180,154
20151126 14:08:22.000,11815,11900,11765,11820,192290,11820,180,153
20151126 14:08:23.000,11815,11900,11765,11820,192328,11820,185,151
20151126 14:08:23.000,11815,11900,11765,11820,192330,11815,184,151
20151126 14:08:24.000,11815,11900,11765,11820,192348,11815,179,150
20151126 14:08:24.000,11815,11900,11765,11820,192404,11815,247,127
20151126 14:08:25.000,11815,11900,11765,11820,192406,11820,248,126
20151126 14:08:25.000,11815,11900,11765,11820,192416,11815,245,126
20151126 14:08:26.000,11815,11900,11765,11820,192428,11820,253,124
20151126 14:08:27.000,11815,11900,11765,11820,192428,11820,255,124
20151126 14:08:28.000,11815,11900,11765,11820,192430,11815,254,125
20151126 14:08:29.000,11815,11900,11765,11820,192460,11815,241,125
20151126 14:08:29.000,11815,11900,11765,11820,192462,11815,240,125
20151126 14:08:30.000,11815,11900,11765,11820,192464,11820,240,124
20151126 14:08:30.000,11815,11900,11765,11820,192474,11815,237,125
20151126 14:08:31.000,11815,11900,11765,11820,192474,11815,238,130
20151126 14:08:31.000,11815,11900,11765,11820,192478,11815,236,131
20151126 14:08:32.000,11815,11900,11765,11820,192478,11815,238,131
20151126 14:08:33.000,11815,11900,11765,11820,192478,11815,240,142
20151126 14:08:34.000,11815,11900,11765,11820,192478,11815,290,142
20151126 14:08:34.000,11815,11900,11765,11820,192482,11820,291,141
20151126 14:08:35.000,11815,11900,11765,11820,192484,11815,290,141
20151126 14:08:36.000,11815,11900,11765,11820,192486,11815,289,146
20151126 14:08:37.000,11815,11900,11765,11820,192506,11815,279,146
20151126 14:08:38.000,11815,11900,11765,11820,192506,11815,281,124
20151126 14:08:39.000,11815,11900,11765,11820,192510,11820,280,127
20151126 14:08:39.000,11815,11900,11765,11820,192520,11820,280,101
20151126 14:08:40.000,11815,11900,11765,11820,192546,11820,272,89
20151126 14:08:40.000,11815,11900,11765,11820,192644,11820,252,41
20151126 14:08:40.000,11815,11900,11765,11820,192714,11820,251,8
20151126 14:08:41.000,11815,11900,11765,11820,192718,11815,250,7
20151126 14:08:42.000,11820,11900,11765,11825,192732,11820,51,255
20151126 14:08:43.000,11820,11900,11765,11825,192736,11820,103,255
20151126 14:08:43.000,11820,11900,11765,11825,192738,11820,103,255
20151126 14:08:44.000,11820,11900,11765,11825,192740,11820,102,255
20151126 14:08:45.000,11820,11900,11765,11825,192742,11820,101,254
20151126 14:08:46.000,11820,11900,11765,11825,192746,11820,100,254
20151126 14:08:47.000,11820,11900,11765,11825,192748,11825,103,263
20151126 14:08:48.000,11820,11900,11765,11825,192758,11820,98,263
20151126 14:08:49.000,11820,11900,11765,11825,192760,11820,97,261
20151126 14:08:49.000,11820,11900,11765,11825,192762,11820,97,262
20151126 14:08:50.000,11820,11900,11765,11825,192764,11820,94,262
20151126 14:08:51.000,11820,11900,11765,11825,192774,11820,65,262
20151126 14:08:52.000,11820,11900,11765,11825,192878,11820,14,262
20151126 14:08:53.000,11815,11900,11765,11820,192906,11820,255,11
20151126 14:08:53.000,11820,11900,11765,11825,192998,11820,54,262
20151126 14:08:54.000,11820,11900,11765,11825,193010,11820,49,262
20151126 14:08:55.000,11820,11900,11765,11825,193012,11820,48,267
20151126 14:08:56.000,11820,11900,11765,11825,193018,11820,46,267
20151126 14:08:57.000,11820,11900,11765,11825,193020,11820,46,267
20151126 14:08:57.000,11820,11900,11765,11825,193034,11825,42,265
20151126 14:08:58.000,11820,11900,11765,11825,193036,11820,41,265
20151126 14:08:59.000,11820,11900,11765,11825,193036,11820,42,265
20151126 14:08:59.000,11820,11900,11765,11825,193056,11820,33,265
20151126 14:09:00.000,11820,11900,11765,11825,193060,11820,133,265
20151126 14:09:00.000,11820,11900,11765,11825,193066,11825,131,264
20151126 14:09:01.000,11820,11900,11765,11825,193066,11825,133,264
20151126 14:09:02.000,11820,11900,11765,11825,193076,11820,129,264
20151126 14:09:03.000,11820,11900,11765,11825,193076,11820,131,264
20151126 14:09:03.000,11820,11900,11765,11825,193082,11820,136,264
20151126 14:09:04.000,11820,11900,11765,11825,193082,11820,138,259
20151126 14:09:06.000,11820,11900,11765,11825,193102,11825,175,249
20151126 14:09:07.000,11820,11900,11765,11825,193122,11825,175,239
20151126 14:09:08.000,11820,11900,11765,11825,193124,11825,195,239
20151126 14:09:08.000,11820,11900,11765,11825,193136,11825,190,242
20151126 14:09:08.000,11820,11900,11765,11825,193140,11820,190,241
20151126 14:09:09.000,11820,11900,11765,11825,193310,11820,105,241
20151126 14:09:10.000,11820,11900,11765,11825,193366,11825,106,213
20151126 14:09:11.000,11820,11900,11765,11825,193366,11825,107,213
20151126 14:09:11.000,11820,11900,11765,11825,193370,11820,105,213
20151126 14:09:12.000,11820,11900,11765,11825,193374,11820,104,212
20151126 14:09:12.000,11820,11900,11765,11825,193376,11820,103,216
20151126 14:09:13.000,11820,11900,11765,11825,193380,11820,105,215
20151126 14:09:14.000,11820,11900,11765,11825,193380,11820,106,215
20151126 14:09:14.000,11820,11900,11765,11825,193382,11820,105,215
20151126 14:09:14.000,11820,11900,11765,11825,193384,11820,69,216
20151126 14:09:15.000,11820,11900,11765,11825,193386,11820,68,216
20151126 14:09:16.000,11820,11900,11765,11825,193388,11820,67,216
20151126 14:09:16.000,11820,11900,11765,11825,193392,11820,66,215
20151126 14:09:17.000,11820,11900,11765,11825,193492,11825,66,165
20151126 14:09:18.000,11820,11900,11765,11825,193492,11825,101,165
20151126 14:09:19.000,11820,11900,11765,11825,193496,11820,72,165
20151126 14:09:20.000,11820,11900,11765,11825,193500,11820,70,165
20151126 14:09:21.000,11820,11900,11765,11825,193500,11820,71,165
20151126 14:09:21.000,11820,11900,11765,11825,193502,11820,70,169
20151126 14:09:22.000,11820,11900,11765,11825,193502,11820,73,169
20151126 14:09:22.000,11820,11900,11765,11825,193504,11820,74,169
20151126 14:09:23.000,11820,11900,11765,11825,193504,11820,74,171
20151126 14:09:25.000,11820,11900,11765,11825,193506,11820,78,171
20151126 14:09:27.000,11820,11900,11765,11825,193518,11820,74,171
20151126 14:09:28.000,11820,11900,11765,11825,193520,11820,73,170
20151126 14:09:30.000,11820,11900,11765,11825,193522,11820,73,170
20151126 14:09:31.000,11820,11900,11765,11825,193528,11820,121,170
20151126 14:09:32.000,11820,11900,11765,11825,193530,11825,123,169
20151126 14:09:32.000,11820,11900,11765,11825,193532,11820,122,169
20151126 14:09:32.000,11820,11900,11765,11825,193556,11820,110,169
20151126 14:09:33.000,11820,11900,11765,11825,193560,11820,110,169
20151126 14:09:34.000,11820,11900,11765,11825,193560,11820,115,169
20151126 14:09:35.000,11820,11900,11765,11825,193570,11820,110,169
20151126 14:09:36.000,11820,11900,11765,11825,193570,11820,113,169
20151126 14:09:37.000,11820,11900,11765,11825,193580,11820,109,169
20151126 14:09:37.000,11820,11900,11765,11825,193600,11825,109,159
20151126 14:09:38.000,11820,11900,11765,11825,193600,11825,144,159
20151126 14:09:39.000,11820,11900,11765,11825,193600,11825,164,161
20151126 14:09:41.000,11820,11900,11765,11825,193600,11825,168,165
20151126 14:09:42.000,11820,11900,11765,11825,193600,11825,169,165
20151126 14:09:43.000,11820,11900,11765,11825,193600,11825,169,167
20151126 14:09:44.000,11820,11900,11765,11825,193622,11820,159,167
20151126 14:09:45.000,11820,11900,11765,11825,193622,11820,125,167
20151126 14:09:46.000,11820,11900,11765,11825,193622,11820,105,167
20151126 14:09:46.000,11820,11900,11765,11825,193636,11820,98,167
20151126 14:09:49.000,11820,11900,11765,11825,193636,11820,98,169
20151126 14:09:49.000,11820,11900,11765,11825,193638,11820,96,169
20151126 14:09:51.000,11820,11900,11765,11825,193638,11820,95,169
20151126 14:09:51.000,11820,11900,11765,11825,193648,11820,140,171
20151126 14:09:52.000,11820,11900,11765,11825,193668,11825,140,161
20151126 14:09:53.000,11820,11900,11765,11825,193670,11820,175,160
20151126 14:09:55.000,11820,11900,11765,11825,193674,11820,138,162
20151126 14:09:55.000,11820,11900,11765,11825,193682,11820,134,162
20151126 14:09:55.000,11820,11900,11765,11825,193688,11825,134,159
20151126 14:09:56.000,11820,11900,11765,11825,193698,11820,131,159
20151126 14:09:57.000,11820,11900,11765,11825,193702,11825,131,157
20151126 14:09:58.000,11820,11900,11765,11825,193766,11820,99,159
20151126 14:09:59.000,11820,11900,11765,11825,193766,11820,100,159
20151126 14:09:59.000,11820,11900,11765,11825,193774,11820,96,159
20151126 14:10:00.000,11815,11900,11765,11825,194026,11820,329,160
20151126 14:10:01.000,11820,11900,11765,11825,194044,11820,3,160
20151126 14:10:02.000,11820,11900,11765,11825,194044,11820,4,160
20151126 14:10:04.000,11820,11900,11765,11825,194046,11820,3,161
20151126 14:10:04.000,11815,11900,11765,11820,194054,11820,328,2
20151126 14:10:05.000,11815,11900,11765,11825,194098,11825,328,142
20151126 14:10:06.000,11815,11900,11765,11825,194100,11815,327,142
20151126 14:10:06.000,11820,11900,11765,11825,194104,11815,32,142
20151126 14:10:07.000,11820,11900,11765,11825,194104,11815,52,142
20151126 14:10:08.000,11820,11900,11765,11825,194106,11820,51,142
20151126 14:10:09.000,11820,11900,11765,11825,194118,11820,56,142
20151126 14:10:09.000,11820,11900,11765,11825,194122,11820,54,142
20151126 14:10:10.000,11820,11900,11765,11825,194124,11820,30,142
20151126 14:10:10.000,11820,11900,11765,11825,194126,11820,29,142
20151126 14:10:11.000,11820,11900,11765,11825,194130,11820,27,142
20151126 14:10:11.000,11820,11900,11765,11825,194134,11820,26,141
20151126 14:10:12.000,11820,11900,11765,11825,194136,11820,25,141
20151126 14:10:12.000,11820,11900,11765,11825,194146,11820,20,141
20151126 14:10:12.000,11820,11900,11765,11825,194148,11820,19,141
20151126 14:10:13.000,11820,11900,11765,11825,194158,11820,15,141
20151126 14:10:14.000,11820,11900,11765,11825,194160,11820,14,142
20151126 14:10:16.000,11820,11900,11765,11825,194164,11820,12,142
20151126 14:10:17.000,11820,11900,11765,11825,194166,11820,11,146
20151126 14:10:18.000,11820,11900,11765,11825,194172,11820,8,146
20151126 14:10:18.000,11820,11900,11765,11825,194174,11820,58,146
20151126 14:10:20.000,11820,11900,11765,11825,194176,11820,57,146
20151126 14:10:22.000,11820,11900,11765,11825,194176,11820,60,146
20151126 14:10:24.000,11820,11900,11765,11825,194216,11820,40,146
20151126 14:10:25.000,11820,11900,11765,11825,194256,11820,20,151
20151126 14:10:26.000,11815,11900,11765,11825,194296,11820,360,151
20151126 14:10:27.000,11815,11900,11765,11825,194296,11820,381,157
20151126 14:10:29.000,11815,11900,11765,11820,194296,11820,381,7
20151126 14:10:29.000,11815,11900,11765,11820,194298,11815,380,7
20151126 14:10:30.000,11815,11900,11765,11820,194300,11815,379,13
20151126 14:10:32.000,11815,11900,11765,11820,194304,11820,379,12
20151126 14:10:33.000,11820,11900,11765,11825,194328,11820,38,157
20151126 14:10:34.000,11820,11900,11765,11825,194330,11820,73,156
20151126 14:10:35.000,11820,11900,11765,11825,194332,11820,74,156
20151126 14:10:35.000,11820,11900,11765,11825,194342,11820,79,156
20151126 14:10:36.000,11820,11900,11765,11825,194382,11820,24,156
20151126 14:10:37.000,11820,11900,11765,11825,194426,11820,2,156
20151126 14:10:38.000,11820,11900,11765,11825,194428,11820,38,156
20151126 14:10:38.000,11820,11900,11765,11825,194468,11820,18,156
20151126 14:10:39.000,11815,11900,11765,11825,194468,11820,331,156
20151126 14:10:40.000,11815,11900,11765,11825,194470,11820,331,156
20151126 14:10:41.000,11815,11900,11765,11820,194470,11820,331,2
20151126 14:10:41.000,11815,11900,11765,11820,194502,11815,315,19
20151126 14:10:42.000,11815,11900,11765,11820,194502,11815,313,21
20151126 14:10:43.000,11815,11900,11765,11820,194504,11820,312,20
20151126 14:10:45.000,11815,11900,11765,11820,194506,11820,312,19
20151126 14:10:46.000,11820,11900,11765,11825,194522,11820,43,156
20151126 14:10:46.000,11820,11900,11765,11825,194526,11820,42,156
20151126 14:10:49.000,11820,11900,11765,11825,194534,11825,39,155
20151126 14:10:50.000,11820,11900,11765,11825,194534,11825,60,155
20151126 14:10:53.000,11820,11900,11765,11825,194536,11820,79,155
20151126 14:10:54.000,11820,11900,11765,11825,194536,11820,89,155
20151126 14:10:55.000,11820,11900,11765,11825,194538,11820,111,155
20151126 14:10:57.000,11820,11900,11765,11825,194540,11820,110,155
20151126 14:10:58.000,11820,11900,11765,11825,194548,11820,85,153
20151126 14:10:59.000,11820,11900,11765,11825,194550,11820,85,153
20151126 14:10:59.000,11815,11900,11765,11820,194720,11820,265,36
20151126 14:11:00.000,11815,11900,11765,11820,194720,11820,265,37
20151126 14:11:00.000,11815,11900,11765,11820,194744,11820,265,25
20151126 14:11:02.000,11815,11900,11765,11820,194752,11815,263,56
20151126 14:11:03.000,11815,11900,11765,11820,194858,11820,263,3
20151126 14:11:05.000,11815,11900,11765,11820,194862,11815,263,1
20151126 14:11:07.000,11820,11900,11765,11825,194874,11820,6,154
20151126 14:11:08.000,11820,11900,11765,11825,194874,11820,9,155
20151126 14:11:09.000,11820,11900,11765,11825,194874,11820,10,155
20151126 14:11:09.000,11820,11900,11765,11825,194876,11820,46,155
20151126 14:11:10.000,11820,11900,11765,11825,194892,11820,43,155
20151126 14:11:10.000,11820,11900,11765,11825,194894,11820,42,155
20151126 14:11:11.000,11820,11900,11765,11825,194900,11820,39,155
20151126 14:11:12.000,11820,11900,11765,11825,194900,11820,39,156
20151126 14:11:12.000,11820,11900,11765,11825,194910,11820,34,157
20151126 14:11:13.000,11820,11900,11765,11825,194910,11820,5,160
20151126 14:11:14.000,11820,11900,11765,11825,194910,11820,34,161
20151126 14:11:14.000,11820,11900,11765,11825,194912,11820,33,161
20151126 14:11:15.000,11820,11900,11765,11825,194914,11820,42,161
20151126 14:11:15.000,11820,11900,11765,11825,194916,11820,41,161
20151126 14:11:16.000,11820,11900,11765,11825,194918,11820,40,161
20151126 14:11:18.000,11820,11900,11765,11825,194918,11820,94,161
20151126 14:11:19.000,11820,11900,11765,11825,195022,11825,94,110
20151126 14:11:20.000,11820,11900,11765,11825,195022,11825,164,114
20151126 14:11:20.000,11820,11900,11765,11825,195024,11820,164,114
20151126 14:11:21.000,11820,11900,11765,11825,195024,11820,164,115
20151126 14:11:23.000,11820,11900,11765,11825,195026,11820,163,114
20151126 14:11:24.000,11820,11900,11765,11825,195028,11820,162,114
20151126 14:11:26.000,11820,11900,11765,11825,195028,11820,172,114
20151126 14:11:27.000,11820,11900,11765,11825,195028,11820,172,116
20151126 14:11:27.000,11820,11900,11765,11825,195030,11825,172,115
20151126 14:11:28.000,11820,11900,11765,11825,195030,11825,199,115
20151126 14:11:29.000,11820,11900,11765,11825,195070,11825,198,95
20151126 14:11:30.000,11820,11900,11765,11825,195070,11825,195,95
20151126 14:11:30.000,11820,11900,11765,11825,195072,11820,194,95
20151126 14:11:32.000,11820,11900,11765,11825,195072,11820,206,95
20151126 14:11:34.000,11820,11900,11765,11825,195072,11820,209,95
20151126 14:11:35.000,11820,11900,11765,11825,195072,11820,210,98
20151126 14:11:37.000,11820,11900,11765,11825,195172,11825,210,49
20151126 14:11:38.000,11820,11900,11765,11825,195172,11825,210,50
20151126 14:11:38.000,11820,11900,11765,11825,195176,11820,209,49
20151126 14:11:39.000,11820,11900,11765,11825,195196,11825,209,39
20151126 14:11:39.000,11820,11900,11765,11825,195198,11825,209,38
20151126 14:11:40.000,11820,11900,11765,11825,195200,11825,212,37
20151126 14:11:40.000,11820,11900,11765,11825,195228,11825,212,23
20151126 14:11:42.000,11820,11900,11765,11825,195228,11825,212,24
20151126 14:11:43.000,11820,11900,11765,11825,195238,11825,212,19
20151126 14:11:44.000,11820,11900,11765,11825,195240,11825,212,18
20151126 14:11:44.000,11825,11900,11765,11830,195280,11825,1,216
20151126 14:11:44.000,11820,11900,11765,11830,195284,11825,212,216
20151126 14:11:45.000,11820,11900,11765,11830,195286,11830,212,215
20151126 14:11:46.000,11825,11900,11765,11830,195290,11830,7,213
20151126 14:11:49.000,11825,11900,11765,11830,195290,11830,30,212
20151126 14:11:50.000,11825,11900,11765,11830,195290,11830,30,210
20151126 14:11:50.000,11825,11900,11765,11830,195294,11830,30,199
20151126 14:11:50.000,11825,11900,11765,11830,195296,11825,29,198
20151126 14:11:51.000,11825,11900,11765,11830,195296,11825,49,198
20151126 14:11:53.000,11825,11900,11765,11830,195306,11830,69,193
20151126 14:11:54.000,11825,11900,11765,11830,195306,11830,70,193
20151126 14:11:55.000,11825,11900,11765,11830,195340,11830,70,176
20151126 14:11:56.000,11825,11900,11765,11830,195342,11825,69,175
20151126 14:11:58.000,11825,11900,11765,11830,195342,11825,70,175
20151126 14:12:01.000,11825,11900,11765,11830,195348,11825,71,176
20151126 14:12:02.000,11825,11900,11765,11830,195348,11825,91,174
20151126 14:12:04.000,11825,11900,11765,11830,195348,11825,92,176
20151126 14:12:06.000,11820,11900,11765,11825,195532,11825,231,9
20151126 14:12:08.000,11820,11900,11765,11825,195532,11825,231,49
20151126 14:12:10.000,11820,11900,11765,11825,195532,11825,231,50
20151126 14:12:11.000,11820,11900,11765,11825,195532,11825,231,96
20151126 14:12:12.000,11820,11900,11765,11825,195536,11825,231,97
20151126 14:12:13.000,11820,11900,11765,11825,195538,11825,231,96
20151126 14:12:14.000,11820,11900,11765,11825,195538,11825,230,98
20151126 14:12:14.000,11820,11900,11765,11825,195558,11825,230,89
20151126 14:12:15.000,11820,11900,11765,11825,195558,11825,230,54
20151126 14:12:15.000,11820,11900,11765,11825,195568,11820,225,54
20151126 14:12:16.000,11820,11900,11765,11825,195570,11825,225,89
20151126 14:12:17.000,11820,11900,11765,11825,195570,11825,226,95
20151126 14:12:18.000,11820,11900,11765,11825,195590,11825,229,85
20151126 14:12:19.000,11820,11900,11765,11825,195594,11825,229,48
20151126 14:12:20.000,11820,11900,11765,11825,195594,11825,231,48
20151126 14:12:21.000,11820,11900,11765,11825,195594,11825,232,48
20151126 14:12:22.000,11820,11900,11765,11825,195596,11820,231,83
20151126 14:12:23.000,11820,11900,11765,11825,195596,11820,261,83
20151126 14:12:25.000,11820,11900,11765,11830,195696,11825,261,174
20151126 14:12:26.000,11825,11900,11765,11830,195698,11825,1,174
20151126 14:12:26.000,11825,11900,11765,11830,195700,11825,2,174
20151126 14:12:27.000,11825,11900,11765,11830,195700,11825,3,174
20151126 14:12:27.000,11825,11900,11765,11830,195702,11825,2,174
20151126 14:12:29.000,11820,11900,11765,11825,195706,11825,262,2
20151126 14:12:31.000,11820,11900,11765,11825,195710,11820,260,56
20151126 14:12:32.000,11820,11900,11765,11825,195716,11820,257,56
20151126 14:12:33.000,11820,11900,11765,11825,195718,11825,261,55
20151126 14:12:34.000,11820,11900,11765,11825,195722,11820,259,55
20151126 14:12:35.000,11820,11900,11765,11825,195826,11825,263,3
20151126 14:12:36.000,11820,11900,11765,11825,195832,11825,263,1
20151126 14:12:36.000,11820,11900,11765,11830,195834,11825,263,174
20151126 14:12:37.000,11820,11900,11765,11830,195834,11825,263,175
20151126 14:12:38.000,11825,11900,11765,11830,195834,11825,47,177
20151126 14:12:39.000,11825,11900,11765,11830,195838,11825,85,177
20151126 14:12:40.000,11825,11900,11765,11830,195842,11825,83,177
20151126 14:12:40.000,11825,11900,11765,11830,195844,11825,82,177
20151126 14:12:41.000,11825,11900,11765,11830,195846,11825,46,177
20151126 14:12:42.000,11825,11900,11765,11830,195846,11825,46,173
20151126 14:12:44.000,11825,11900,11765,11830,195846,11825,84,173
20151126 14:12:45.000,11825,11900,11765,11830,195848,11825,83,173
20151126 14:12:45.000,11825,11900,11765,11830,195850,11825,82,173
20151126 14:12:48.000,11820,11900,11765,11825,196014,11825,295,28
20151126 14:12:49.000,11820,11900,11765,11825,196014,11825,295,69
20151126 14:12:50.000,11820,11900,11765,11825,196014,11825,298,69
20151126 14:12:52.000,11820,11900,11765,11825,196014,11825,323,70
20151126 14:12:52.000,11820,11900,11765,11825,196016,11820,322,70
20151126 14:12:54.000,11820,11900,11765,11825,196016,11820,322,51
20151126 14:12:54.000,11820,11900,11765,11825,196024,11820,318,51
20151126 14:12:56.000,11820,11900,11765,11825,196074,11825,318,26
20151126 14:12:58.000,11820,11900,11765,11825,196086,11820,314,26
20151126 14:12:59.000,11820,11900,11765,11825,196086,11820,314,62
20151126 14:12:59.000,11820,11900,11765,11825,196088,11825,314,61
20151126 14:13:00.000,11820,11900,11765,11825,196092,11825,314,25
20151126 14:13:01.000,11820,11900,11765,11825,196092,11825,314,30
20151126 14:13:02.000,11820,11900,11765,11825,196102,11820,314,30
20151126 14:13:02.000,11820,11900,11765,11825,196114,11820,311,29
20151126 14:13:03.000,11825,11900,11765,11830,196172,11825,72,173
20151126 14:13:04.000,11825,11900,11765,11830,196182,11825,87,173
20151126 14:13:05.000,11825,11900,11765,11830,196182,11825,122,173
20151126 14:13:07.000,11825,11900,11765,11830,196236,11825,95,173
20151126 14:13:07.000,11825,11900,11765,11830,196238,11825,59,173
20151126 14:13:08.000,11825,11900,11765,11830,196246,11825,55,173
20151126 14:13:10.000,11820,11900,11765,11830,196356,11825,321,173
20151126 14:13:11.000,11820,11900,11765,11825,196356,11825,321,176
20151126 14:13:13.000,11820,11900,11765,11825,196356,11825,318,176
20151126 14:13:16.000,11820,11900,11765,11825,196356,11825,318,186
20151126 14:13:18.000,11820,11900,11765,11825,196356,11825,318,187
20151126 14:13:20.000,11820,11900,11765,11825,196356,11825,318,188
20151126 14:13:20.000,11820,11900,11765,11825,196358,11825,318,187
20151126 14:13:23.000,11820,11900,11765,11825,196358,11825,320,187
20151126 14:13:26.000,11820,11900,11765,11825,196360,11825,320,186
20151126 14:13:27.000,11820,11900,11765,11825,196362,11820,319,151
20151126 14:13:30.000,11820,11900,11765,11825,196364,11820,318,151
20151126 14:13:32.000,11820,11900,11765,11825,196384,11820,307,186
20151126 14:13:39.000,11820,11900,11765,11825,196384,11820,307,187
20151126 14:13:41.000,11820,11900,11765,11825,196584,11825,307,52
20151126 14:13:43.000,11820,11900,11765,11825,196588,11825,307,50
20151126 14:13:45.000,11820,11900,11765,11825,196590,11825,309,49
20151126 14:13:47.000,11820,11900,11765,11825,196594,11825,314,47
20151126 14:13:48.000,11820,11900,11765,11825,196596,11820,313,47
20151126 14:13:48.000,11820,11900,11765,11825,196598,11825,313,46
20151126 14:13:49.000,11820,11900,11765,11825,197062,11820,81,81
20151126 14:13:51.000,11820,11900,11765,11825,197082,11820,71,102
20151126 14:13:52.000,11820,11900,11765,11825,197082,11820,71,103
20151126 14:13:53.000,11820,11900,11765,11825,197082,11820,71,106
20151126 14:13:53.000,11820,11900,11765,11825,197084,11820,70,105
20151126 14:13:54.000,11820,11900,11765,11825,197086,11820,69,105
20151126 14:13:55.000,11820,11900,11765,11825,197086,11820,69,106
20151126 14:13:57.000,11820,11900,11765,11825,197086,11820,70,107
20151126 14:13:57.000,11820,11900,11765,11825,197090,11820,68,107
20151126 14:13:58.000,11820,11900,11765,11825,197092,11820,67,107
20151126 14:14:00.000,11820,11900,11765,11825,197098,11820,64,107
20151126 14:14:00.000,11820,11900,11765,11825,197158,11820,44,107
20151126 14:14:02.000,11820,11900,11765,11825,197160,11820,52,107
20151126 14:14:02.000,11820,11900,11765,11825,197162,11820,51,107
20151126 14:14:07.000,11820,11900,11765,11825,197164,11820,50,107
20151126 14:14:08.000,11815,11900,11765,11820,197266,11820,279,5
20151126 14:14:09.000,11815,11900,11765,11820,197270,11820,279,24
20151126 14:14:09.000,11815,11900,11765,11820,197272,11820,279,23
20151126 14:14:11.000,11815,11900,11765,11820,197272,11820,279,48
20151126 14:14:12.000,11815,11900,11765,11820,197272,11820,279,51
20151126 14:14:13.000,11815,11900,11765,11820,197272,11820,277,51
20151126 14:14:14.000,11815,11900,11765,11820,197274,11815,276,51
20151126 14:14:15.000,11815,11900,11765,11820,197474,11815,237,52
20151126 14:14:16.000,11815,11900,11765,11820,197474,11815,237,89
20151126 14:14:17.000,11815,11900,11765,11820,197486,11820,237,88
20151126 14:14:18.000,11815,11900,11765,11820,197490,11815,235,89
20151126 14:14:19.000,11815,11900,11765,11820,197690,11815,142,89
20151126 14:14:20.000,11815,11900,11765,11820,197692,11820,142,88
20151126 14:14:21.000,11815,11900,11765,11820,197892,11815,54,88
20151126 14:14:21.000,11815,11900,11765,11820,197932,11815,34,88
20151126 14:14:22.000,11810,11900,11765,11815,198000,11815,648,14
20151126 14:14:22.000,11815,11900,11765,11820,198030,11815,106,93
20151126 14:14:23.000,11815,11900,11765,11820,198054,11815,154,96
20151126 14:14:24.000,11815,11900,11765,11820,198054,11815,154,101
20151126 14:14:25.000,11815,11900,11765,11820,198054,11815,158,102
20151126 14:14:26.000,11815,11900,11765,11820,198056,11815,162,101
20151126 14:14:26.000,11815,11900,11765,11820,198076,11815,152,98
20151126 14:14:27.000,11815,11900,11765,11820,198076,11815,153,98
20151126 14:14:27.000,11815,11900,11765,11820,198078,11815,152,98
20151126 14:14:28.000,11815,11900,11765,11820,198084,11815,150,98
20151126 14:14:28.000,11815,11900,11765,11820,198086,11820,150,99
20151126 14:14:29.000,11815,11900,11765,11820,198086,11820,150,100
20151126 14:14:29.000,11815,11900,11765,11820,198096,11815,145,100
20151126 14:14:30.000,11815,11900,11765,11820,198098,11815,144,107
20151126 14:14:33.000,11815,11900,11765,11820,198098,11815,144,109
20151126 14:14:35.000,11815,11900,11765,11820,198098,11815,144,115
20151126 14:14:35.000,11815,11900,11765,11820,198110,11815,138,115
20151126 14:14:36.000,11815,11900,11765,11820,198120,11815,133,116
20151126 14:14:37.000,11815,11900,11765,11820,198120,11815,133,124
20151126 14:14:38.000,11815,11900,11765,11820,198126,11815,130,124
20151126 14:14:39.000,11815,11900,11765,11820,198126,11815,145,129
20151126 14:14:40.000,11815,11900,11765,11820,198126,11815,145,131
20151126 14:14:41.000,11815,11900,11765,11820,198126,11815,195,131
20151126 14:14:42.000,11815,11900,11765,11820,198126,11815,195,142
20151126 14:14:43.000,11815,11900,11765,11820,198126,11815,196,142
20151126 14:14:44.000,11815,11900,11765,11820,198126,11815,197,142
20151126 14:14:45.000,11815,11900,11765,11820,198126,11815,198,142
20151126 14:14:45.000,11815,11900,11765,11820,198128,11815,197,142
20151126 14:14:46.000,11815,11900,11765,11820,198128,11815,198,142
20151126 14:14:48.000,11815,11900,11765,11820,198134,11815,215,142
20151126 14:14:49.000,11815,11900,11765,11820,198140,11815,214,142
20151126 14:14:50.000,11815,11900,11765,11820,198140,11815,214,143
20151126 14:14:51.000,11815,11900,11765,11820,198140,11815,214,142
20151126 14:14:52.000,11815,11900,11765,11820,198150,11815,209,142
20151126 14:14:53.000,11815,11900,11765,11820,198150,11815,209,160
20151126 14:14:54.000,11815,11900,11765,11820,198150,11815,208,160
20151126 14:14:55.000,11815,11900,11765,11820,198170,11820,208,112
20151126 14:14:57.000,11815,11900,11765,11820,198170,11820,208,111
20151126 14:14:58.000,11815,11900,11765,11820,198170,11820,209,106
20151126 14:14:58.000,11815,11900,11765,11820,198172,11815,208,106
20151126 14:14:58.000,11815,11900,11765,11820,198176,11815,206,106
20151126 14:14:59.000,11815,11900,11765,11820,198180,11815,204,106
20151126 14:15:00.000,11815,11900,11765,11820,198200,11815,194,107
20151126 14:15:01.000,11815,11900,11765,11820,198200,11815,196,142
20151126 14:15:02.000,11815,11900,11765,11820,198202,11815,195,152
20151126 14:15:03.000,11815,11900,11765,11820,198206,11815,193,153
20151126 14:15:04.000,11815,11900,11765,11820,198206,11815,193,155
20151126 14:15:05.000,11815,11900,11765,11820,198208,11815,192,155
20151126 14:15:05.000,11815,11900,11765,11820,198236,11815,178,155
20151126 14:15:05.000,11815,11900,11765,11820,198238,11815,177,155
20151126 14:15:06.000,11815,11900,11765,11820,198240,11815,176,155
20151126 14:15:07.000,11815,11900,11765,11820,198242,11815,175,155
20151126 14:15:07.000,11815,11900,11765,11820,198244,11815,174,155
20151126 14:15:09.000,11815,11900,11765,11820,198252,11815,170,152
20151126 14:15:11.000,11815,11900,11765,11820,198260,11815,166,153
20151126 14:15:11.000,11815,11900,11765,11820,198266,11815,167,154
20151126 14:15:12.000,11815,11900,11765,11820,198276,11815,162,154
20151126 14:15:13.000,11815,11900,11765,11820,198284,11815,158,154
20151126 14:15:14.000,11815,11900,11765,11820,198294,11815,153,154
20151126 14:15:14.000,11815,11900,11765,11820,198302,11815,149,154
20151126 14:15:15.000,11815,11900,11765,11820,198302,11815,149,155
20151126 14:15:16.000,11815,11900,11765,11820,198316,11815,145,152
20151126 14:15:16.000,11815,11900,11765,11820,198324,11815,141,152
20151126 14:15:17.000,11815,11900,11765,11820,198366,11815,122,152
20151126 14:15:18.000,11815,11900,11765,11820,198368,11815,121,152
20151126 14:15:19.000,11815,11900,11765,11820,198374,11820,121,149
20151126 14:15:20.000,11815,11900,11765,11820,198374,11820,121,159
20151126 14:15:23.000,11815,11900,11765,11820,198374,11820,122,159
20151126 14:15:24.000,11815,11900,11765,11820,198374,11820,122,160
20151126 14:15:26.000,11815,11900,11765,11820,198374,11820,122,126
20151126 14:15:27.000,11815,11900,11765,11820,198374,11820,157,126
20151126 14:15:28.000,11815,11900,11765,11820,198374,11820,155,126
20151126 14:15:30.000,11815,11900,11765,11820,198374,11820,157,126
20151126 14:15:30.000,11815,11900,11765,11820,198378,11820,157,124
20151126 14:15:31.000,11815,11900,11765,11820,198378,11820,167,124
20151126 14:15:34.000,11815,11900,11765,11820,198380,11820,167,123
20151126 14:15:35.000,11815,11900,11765,11820,198384,11815,165,123
20151126 14:15:41.000,11815,11900,11765,11820,198388,11815,163,124
20151126 14:15:42.000,11815,11900,11765,11820,198388,11815,128,159
20151126 14:15:42.000,11815,11900,11765,11820,198392,11815,126,159
20151126 14:15:43.000,11815,11900,11765,11820,198488,11815,93,159
20151126 14:15:44.000,11815,11900,11765,11820,198530,11815,72,157
20151126 14:15:45.000,11815,11900,11765,11820,198532,11815,71,157
20151126 14:15:46.000,11815,11900,11765,11820,198536,11815,69,157
20151126 14:15:47.000,11815,11900,11765,11820,198556,11815,59,157
20151126 14:15:48.000,11815,11900,11765,11820,198560,11815,58,157
20151126 14:15:49.000,11815,11900,11765,11820,198568,11815,54,157
20151126 14:15:50.000,11815,11900,11765,11820,198608,11815,35,150
20151126 14:15:51.000,11815,11900,11765,11820,198622,11820,35,143
20151126 14:15:51.000,11815,11900,11765,11820,198632,11815,30,143
20151126 14:15:52.000,11815,11900,11765,11820,198634,11815,79,143
20151126 14:15:53.000,11815,11900,11765,11820,198634,11815,139,143
20151126 14:15:54.000,11815,11900,11765,11820,198634,11815,139,108
20151126 14:15:55.000,11815,11900,11765,11820,198634,11815,139,107
20151126 14:15:55.000,11815,11900,11765,11820,198648,11815,132,107
20151126 14:15:56.000,11815,11900,11765,11820,198648,11815,132,142
20151126 14:15:56.000,11815,11900,11765,11820,198688,11815,112,142
20151126 14:15:57.000,11815,11900,11765,11820,198690,11820,112,141
20151126 14:15:58.000,11815,11900,11765,11820,198690,11820,117,141
20151126 14:15:59.000,11815,11900,11765,11820,198692,11820,117,105
20151126 14:16:01.000,11815,11900,11765,11820,198692,11820,118,105
20151126 14:16:02.000,11815,11900,11765,11820,198700,11820,118,101
20151126 14:16:02.000,11815,11900,11765,11820,198704,11815,117,101
20151126 14:16:04.000,11815,11900,11765,11820,198744,11815,98,101
20151126 14:16:06.000,11815,11900,11765,11820,198744,11815,98,102
20151126 14:16:06.000,11815,11900,11765,11820,198746,11815,97,102
20151126 14:16:07.000,11815,11900,11765,11820,198756,11815,130,99
20151126 14:16:08.000,11815,11900,11765,11820,198756,11815,151,99
20151126 14:16:09.000,11815,11900,11765,11820,198756,11815,171,98
20151126 14:16:10.000,11815,11900,11765,11820,198796,11815,116,98
20151126 14:16:11.000,11815,11900,11765,11820,198798,11820,116,97
20151126 14:16:13.000,11815,11900,11765,11820,198800,11820,117,96
20151126 14:16:14.000,11815,11900,11765,11820,198800,11820,117,101
20151126 14:16:15.000,11815,11900,11765,11820,198800,11820,117,100
20151126 14:16:18.000,11815,11900,11765,11820,198800,11820,167,102
20151126 14:16:19.000,11815,11900,11765,11820,198802,11820,167,101
20151126 14:16:20.000,11815,11900,11765,11820,198802,11820,167,103
20151126 14:16:21.000,11815,11900,11765,11820,198802,11820,169,102
20151126 14:16:21.000,11815,11900,11765,11820,198902,11820,169,52
20151126 14:16:22.000,11815,11900,11765,11820,198906,11820,215,50
20151126 14:16:23.000,11815,11900,11765,11820,198906,11820,216,50
20151126 14:16:24.000,11815,11900,11765,11820,198906,11820,238,55
20151126 14:16:25.000,11815,11900,11765,11820,198906,11820,240,60
20151126 14:16:25.000,11815,11900,11765,11820,198908,11820,240,59
20151126 14:16:26.000,11815,11900,11765,11820,198908,11820,234,59
20151126 14:16:27.000,11815,11900,11765,11820,198914,11820,235,56
20151126 14:16:28.000,11815,11900,11765,11820,198916,11820,234,55
20151126 14:16:29.000,11815,11900,11765,11820,198920,11820,234,53
20151126 14:16:29.000,11815,11900,11765,11820,199080,11815,154,52
20151126 14:16:30.000,11815,11900,11765,11820,199082,11820,154,106
20151126 14:16:31.000,11815,11900,11765,11820,199082,11820,154,91
20151126 14:16:31.000,11815,11900,11765,11820,199122,11815,114,91
20151126 14:16:32.000,11815,11900,11765,11820,199122,11815,94,91
20151126 14:16:32.000,11815,11900,11765,11820,199126,11820,92,89
20151126 14:16:33.000,11815,11900,11765,11820,199134,11815,82,90
20151126 14:16:34.000,11815,11900,11765,11820,199134,11815,82,92
20151126 14:16:35.000,11815,11900,11765,11820,199136,11815,117,92
20151126 14:16:37.000,11815,11900,11765,11820,199136,11815,118,97
20151126 14:16:39.000,11815,11900,11765,11820,199136,11815,119,98
20151126 14:16:39.000,11815,11900,11765,11820,199142,11820,119,100
20151126 14:16:40.000,11815,11900,11765,11820,199142,11820,119,101
20151126 14:16:42.000,11815,11900,11765,11820,199146,11820,119,101
20151126 14:16:43.000,11815,11900,11765,11820,199148,11820,119,105
20151126 14:16:44.000,11815,11900,11765,11820,199148,11820,119,125
20151126 14:16:45.000,11815,11900,11765,11820,199172,11820,117,115
20151126 14:16:45.000,11815,11900,11765,11820,199176,11815,118,115
20151126 14:16:46.000,11815,11900,11765,11820,199178,11815,117,115
20151126 14:16:47.000,11815,11900,11765,11820,199182,11815,115,115
20151126 14:16:48.000,11815,11900,11765,11820,199206,11815,68,106
20151126 14:16:48.000,11815,11900,11765,11820,199248,11815,297,104
20151126 14:16:49.000,11815,11900,11765,11820,199330,11815,256,139
20151126 14:16:49.000,11815,11900,11765,11820,199332,11815,315,139
20151126 14:16:50.000,11815,11900,11765,11820,199336,11815,313,139
20151126 14:16:51.000,11815,11900,11765,11820,199338,11820,313,138
20151126 14:16:52.000,11815,11900,11765,11820,199380,11815,292,138
20151126 14:16:53.000,11815,11900,11765,11820,199380,11815,299,138
20151126 14:16:54.000,11815,11900,11765,11820,199380,11815,303,103
20151126 14:16:55.000,11815,11900,11765,11820,199382,11815,303,103
20151126 14:16:57.000,11815,11900,11765,11820,199442,11820,303,73
20151126 14:16:58.000,11815,11900,11765,11820,199444,11820,303,72
20151126 14:16:59.000,11815,11900,11765,11820,199444,11820,304,72
20151126 14:17:00.000,11815,11900,11765,11820,199446,11820,306,91
20151126 14:17:01.000,11815,11900,11765,11820,199446,11820,306,90
20151126 14:17:01.000,11815,11900,11765,11820,199450,11820,305,89
20151126 14:17:02.000,11815,11900,11765,11820,199450,11820,301,89
20151126 14:17:03.000,11815,11900,11765,11820,199452,11815,300,91
20151126 14:17:03.000,11815,11900,11765,11820,199454,11815,299,91
20151126 14:17:04.000,11815,11900,11765,11820,199456,11815,298,126
20151126 14:17:04.000,11815,11900,11765,11820,199458,11820,298,125
20151126 14:17:08.000,11815,11900,11765,11820,199458,11820,298,129
20151126 14:17:09.000,11815,11900,11765,11820,199458,11820,300,129
20151126 14:17:12.000,11815,11900,11765,11820,199462,11815,298,129
20151126 14:17:14.000,11815,11900,11765,11820,199484,11820,298,138
20151126 14:17:15.000,11815,11900,11765,11820,199488,11820,298,101
20151126 14:17:16.000,11815,11900,11765,11820,199498,11815,293,136
20151126 14:17:16.000,11815,11900,11765,11820,199518,11820,293,126
20151126 14:17:17.000,11815,11900,11765,11820,199518,11820,293,127
20151126 14:17:17.000,11820,11900,11765,11825,199722,11820,6,201
20151126 14:17:18.000,11820,11900,11765,11825,199722,11820,46,201
20151126 14:17:20.000,11820,11900,11765,11825,199724,11820,53,201
20151126 14:17:21.000,11820,11900,11765,11825,199724,11820,56,201
20151126 14:17:22.000,11820,11900,11765,11825,199726,11820,55,201
20151126 14:17:23.000,11820,11900,11765,11825,199738,11825,53,217
20151126 14:17:24.000,11820,11900,11765,11825,199740,11825,50,236
20151126 14:17:25.000,11820,11900,11765,11825,199740,11825,51,236
20151126 14:17:26.000,11820,11900,11765,11825,199748,11820,58,256
20151126 14:17:27.000,11820,11900,11765,11825,199750,11820,61,256
20151126 14:17:28.000,11820,11900,11765,11825,199752,11825,77,254
20151126 14:17:29.000,11820,11900,11765,11825,199754,11825,88,253
20151126 14:17:30.000,11820,11900,11765,11825,199754,11825,148,249
20151126 14:17:30.000,11820,11900,11765,11825,199798,11820,126,249
20151126 14:17:31.000,11820,11900,11765,11825,199798,11820,145,249
20151126 14:17:32.000,11820,11900,11765,11825,199838,11820,126,249
20151126 14:17:33.000,11820,11900,11765,11825,199840,11820,126,249
20151126 14:17:34.000,11820,11900,11765,11825,199840,11820,127,249
20151126 14:17:35.000,11820,11900,11765,11825,199840,11820,157,249
20151126 14:17:36.000,11820,11900,11765,11825,199840,11820,159,249
20151126 14:17:38.000,11820,11900,11765,11825,199840,11820,160,249
20151126 14:17:42.000,11820,11900,11765,11825,199840,11820,171,249
20151126 14:17:43.000,11820,11900,11765,11825,199840,11820,172,250
20151126 14:17:44.000,11820,11900,11765,11825,199840,11820,196,250
20151126 14:17:46.000,11820,11900,11765,11825,199840,11820,197,250
20151126 14:17:47.000,11820,11900,11765,11825,199840,11820,199,250
20151126 14:17:51.000,11820,11900,11765,11825,199880,11820,170,250
20151126 14:17:52.000,11820,11900,11765,11825,199880,11820,169,250
20151126 14:17:56.000,11820,11900,11765,11825,199880,11820,175,250
20151126 14:17:57.000,11820,11900,11765,11825,199880,11820,174,250
20151126 14:17:58.000,11820,11900,11765,11825,199882,11825,174,249
20151126 14:18:00.000,11820,11900,11765,11825,199882,11825,175,250
20151126 14:18:00.000,11820,11900,11765,11825,199888,11825,184,247
20151126 14:18:01.000,11820,11900,11765,11825,199892,11820,182,247
20151126 14:18:02.000,11820,11900,11765,11825,199894,11825,182,246
20151126 14:18:03.000,11820,11900,11765,11825,199894,11825,183,250
20151126 14:18:06.000,11820,11900,11765,11825,199994,11825,184,204
20151126 14:18:09.000,11820,11900,11765,11825,199996,11820,183,207
20151126 14:18:09.000,11820,11900,11765,11825,199998,11820,182,207
20151126 14:18:11.000,11820,11900,11765,11825,199998,11820,185,207
20151126 14:18:11.000,11820,11900,11765,11825,200000,11825,188,206
20151126 14:18:13.000,11820,11900,11765,11825,200010,11825,188,201
20151126 14:18:14.000,11820,11900,11765,11825,200012,11820,187,201
20151126 14:18:15.000,11820,11900,11765,11825,200052,11820,167,201
20151126 14:18:15.000,11820,11900,11765,11825,200054,11825,167,200
20151126 14:18:16.000,11820,11900,11765,11825,200166,11825,167,146
20151126 14:18:17.000,11820,11900,11765,11825,200166,11825,184,146
20151126 14:18:18.000,11820,11900,11765,11825,200170,11825,184,144
20151126 14:18:18.000,11820,11900,11765,11825,200218,11825,164,140
20151126 14:18:19.000,11820,11900,11765,11825,200318,11825,164,90
20151126 14:18:20.000,11820,11900,11765,11825,200400,11825,145,69
20151126 14:18:20.000,11820,11900,11765,11825,200402,11825,164,71
20151126 14:18:21.000,11820,11900,11765,11825,200408,11825,166,68
20151126 14:18:21.000,11820,11900,11765,11825,200460,11825,166,42
20151126 14:18:22.000,11820,11900,11765,11825,200462,11825,166,41
20151126 14:18:23.000,11820,11900,11765,11825,200482,11825,187,31
20151126 14:18:24.000,11820,11900,11765,11825,200488,11825,188,28
20151126 14:18:26.000,11820,11900,11765,11825,200504,11825,188,20
20151126 14:18:26.000,11820,11900,11765,11825,200534,11825,188,5
20151126 14:18:27.000,11820,11900,11765,11825,200534,11825,188,35
20151126 14:18:27.000,11820,11900,11765,11825,200546,11825,188,31
20151126 14:18:28.000,11825,11900,11765,11830,200608,11825,34,289
20151126 14:18:29.000,11825,11900,11765,11830,200614,11825,32,294
20151126 14:18:31.000,11825,11900,11765,11830,200614,11825,34,327
20151126 14:18:32.000,11825,11900,11765,11830,200674,11825,13,327
20151126 14:18:33.000,11820,11900,11765,11825,200700,11825,181,17
20151126 14:18:34.000,11820,11900,11765,11825,200700,11825,181,173
20151126 14:18:35.000,11820,11900,11765,11825,200700,11825,181,206
20151126 14:18:36.000,11820,11900,11765,11825,200700,11825,141,206
20151126 14:18:37.000,11820,11900,11765,11825,200712,11820,112,206
20151126 14:18:37.000,11820,11900,11765,11825,200714,11825,112,207
20151126 14:18:38.000,11820,11900,11765,11825,200730,11825,92,199
20151126 14:18:39.000,11820,11900,11765,11825,200730,11825,93,199
20151126 14:18:41.000,11820,11900,11765,11825,200730,11825,129,199
20151126 14:18:42.000,11820,11900,11765,11825,200750,11825,133,193
20151126 14:18:43.000,11820,11900,11765,11825,200752,11825,133,193
20151126 14:18:44.000,11820,11900,11765,11825,200752,11825,143,193
20151126 14:18:44.000,11820,11900,11765,11825,200754,11825,143,192
20151126 14:18:45.000,11820,11900,11765,11825,200754,11825,163,192
20151126 14:18:46.000,11820,11900,11765,11825,200854,11825,163,142
20151126 14:18:47.000,11820,11900,11765,11825,200854,11825,163,104
20151126 14:18:47.000,11820,11900,11765,11825,200890,11820,145,139
20151126 14:18:48.000,11820,11900,11765,11825,200890,11820,146,139
20151126 14:18:49.000,11820,11900,11765,11825,200890,11820,149,139
20151126 14:18:50.000,11820,11900,11765,11825,200890,11820,150,142
20151126 14:18:52.000,11820,11900,11765,11825,200890,11820,150,144
20151126 14:18:53.000,11820,11900,11765,11825,200890,11820,151,144
20151126 14:18:54.000,11820,11900,11765,11825,200912,11820,140,144
20151126 14:18:54.000,11820,11900,11765,11825,200926,11820,133,144
20151126 14:18:55.000,11820,11900,11765,11825,200930,11820,131,144
20151126 14:18:56.000,11820,11900,11765,11825,200930,11820,110,144
20151126 14:18:57.000,11820,11900,11765,11825,200930,11820,109,144
20151126 14:18:58.000,11820,11900,11765,11825,200930,11820,105,144
20151126 14:19:00.000,11820,11900,11765,11825,200930,11820,105,154
20151126 14:19:00.000,11820,11900,11765,11825,200938,11820,101,154
20151126 14:19:01.000,11820,11900,11765,11825,200938,11820,103,154
20151126 14:19:03.000,11820,11900,11765,11825,200938,11820,102,154
20151126 14:19:04.000,11820,11900,11765,11825,200938,11820,103,154
20151126 14:19:05.000,11820,11900,11765,11825,200938,11820,103,119
20151126 14:19:06.000,11820,11900,11765,11825,200938,11820,158,119
20151126 14:19:07.000,11820,11900,11765,11825,200940,11820,122,119
20151126 14:19:08.000,11820,11900,11765,11825,200948,11820,118,154
20151126 14:19:09.000,11820,11900,11765,11825,200948,11820,98,154
20151126 14:19:09.000,11820,11900,11765,11825,200968,11820,88,154
20151126 14:19:11.000,11820,11900,11765,11825,200974,11820,100,151
20151126 14:19:14.000,11820,11900,11765,11825,200974,11820,64,151
20151126 14:19:15.000,11820,11900,11765,11825,200974,11820,54,153
20151126 14:19:16.000,11820,11900,11765,11825,200974,11820,53,153
20151126 14:19:19.000,11820,11900,11765,11825,200974,11820,53,154
20151126 14:19:20.000,11820,11900,11765,11825,200974,11820,75,154
20151126 14:19:22.000,11820,11900,11765,11825,201014,11820,57,154
20151126 14:19:24.000,11820,11900,11765,11825,201024,11820,49,154
20151126 14:19:29.000,11820,11900,11765,11825,201044,11820,39,154
20151126 14:19:30.000,11820,11900,11765,11825,201050,11820,51,154
20151126 14:19:31.000,11820,11900,11765,11825,201052,11820,50,154
20151126 14:19:33.000,11820,11900,11765,11825,201064,11820,45,154
20151126 14:19:33.000,11820,11900,11765,11825,201068,11820,43,155
20151126 14:19:34.000,11820,11900,11765,11825,201088,11820,33,155
20151126 14:19:35.000,11815,11900,11765,11820,201154,11820,344,8
20151126 14:19:37.000,11815,11900,11765,11820,201160,11820,344,6
20151126 14:19:40.000,11815,11900,11765,11820,201162,11820,344,5
20151126 14:19:41.000,11815,11900,11765,11820,201162,11820,344,11
20151126 14:19:44.000,11815,11900,11765,11820,201164,11820,344,14
20151126 14:19:45.000,11815,11900,11765,11820,201166,11820,344,13
20151126 14:19:46.000,11815,11900,11765,11820,201170,11820,344,11
20151126 14:19:49.000,11815,11900,11765,11820,201172,11820,344,10
20151126 14:19:49.000,11815,11900,11765,11820,201176,11820,344,8
20151126 14:19:50.000,11820,11900,11765,11825,201192,11820,4,115
20151126 14:19:51.000,11820,11900,11765,11825,201194,11820,13,115
20151126 14:19:53.000,11820,11900,11765,11825,201194,11820,48,116
20151126 14:19:54.000,11820,11900,11765,11825,201194,11820,48,117
20151126 14:19:55.000,11820,11900,11765,11825,201194,11820,52,117
20151126 14:19:55.000,11820,11900,11765,11825,201254,11820,22,117
20151126 14:19:56.000,11820,11900,11765,11825,201256,11820,21,117
20151126 14:19:57.000,11815,11900,11765,11820,201300,11820,344,9
20151126 14:19:57.000,11815,11900,11765,11820,201302,11820,344,8
20151126 14:19:58.000,11815,11900,11765,11820,201304,11820,344,7
20151126 14:19:59.000,11815,11900,11765,11820,201308,11820,344,5
20151126 14:20:00.000,11815,11900,11765,11820,201308,11820,344,70
20151126 14:20:01.000,11815,11900,11765,11820,201308,11820,344,88
20151126 14:20:05.000,11815,11900,11765,11820,201310,11815,342,88
20151126 14:20:06.000,11815,11900,11765,11820,201410,11820,346,38
20151126 14:20:07.000,11815,11900,11765,11820,201410,11820,346,68
20151126 14:20:08.000,11815,11900,11765,11820,201410,11820,346,69
20151126 14:20:09.000,11815,11900,11765,11820,201410,11820,331,89
20151126 14:20:10.000,11815,11900,11765,11820,201410,11820,311,89
20151126 14:20:11.000,11815,11900,11765,11820,201412,11815,310,89
20151126 14:20:13.000,11815,11900,11765,11820,201412,11815,310,109
20151126 14:20:14.000,11815,11900,11765,11820,201462,11820,312,51
20151126 14:20:16.000,11815,11900,11765,11820,201468,11820,312,48
20151126 14:20:17.000,11815,11900,11765,11820,201478,11815,307,48
20151126 14:20:19.000,11815,11900,11765,11820,201482,11815,305,61
20151126 14:20:20.000,11815,11900,11765,11820,201522,11820,305,28
20151126 14:20:21.000,11815,11900,11765,11820,201522,11820,305,29
20151126 14:20:21.000,11815,11900,11765,11820,201524,11820,305,28
20151126 14:20:22.000,11815,11900,11765,11820,201526,11815,304,28
20151126 14:20:25.000,11815,11900,11765,11820,201536,11815,299,41
20151126 14:20:26.000,11815,11900,11765,11820,201576,11820,300,21
20151126 14:20:27.000,11815,11900,11765,11820,201576,11820,301,26
20151126 14:20:28.000,11815,11900,11765,11820,201598,11820,301,17
20151126 14:20:30.000,11815,11900,11765,11820,201598,11820,301,9
20151126 14:20:31.000,11815,11900,11765,11820,201600,11815,300,9
20151126 14:20:32.000,11815,11900,11765,11820,201646,11820,300,11
20151126 14:20:33.000,11815,11900,11765,11820,201646,11820,299,12
20151126 14:20:34.000,11815,11900,11765,11820,201648,11815,299,12
20151126 14:20:35.000,11815,11900,11765,11820,201648,11815,299,21
20151126 14:20:36.000,11815,11900,11765,11820,201648,11815,299,31
20151126 14:20:36.000,11815,11900,11765,11820,201654,11820,297,30
20151126 14:20:37.000,11815,11900,11765,11820,201654,11820,299,32
20151126 14:20:38.000,11815,11900,11765,11820,201658,11820,299,32
20151126 14:20:39.000,11815,11900,11765,11820,201658,11820,299,23
20151126 14:20:40.000,11815,11900,11765,11820,201658,11820,299,27
20151126 14:20:41.000,11815,11900,11765,11820,201658,11820,299,37
20151126 14:20:42.000,11815,11900,11765,11820,201658,11820,301,39
20151126 14:20:45.000,11815,11900,11765,11820,201662,11820,301,37
20151126 14:20:46.000,11815,11900,11765,11820,201662,11820,301,27
20151126 14:20:49.000,11815,11900,11765,11820,201682,11820,311,17
20151126 14:20:50.000,11815,11900,11765,11820,201682,11820,311,18
20151126 14:20:52.000,11815,11900,11765,11820,201684,11820,311,17
20151126 14:20:53.000,11815,11900,11765,11820,201696,11815,310,12
20151126 14:20:54.000,11815,11900,11765,11820,201696,11815,310,21
20151126 14:20:56.000,11820,11900,11765,11825,201738,11820,29,142
20151126 14:20:58.000,11820,11900,11765,11825,201742,11820,53,142
20151126 14:20:59.000,11820,11900,11765,11825,201746,11820,54,139
20151126 14:20:59.000,11820,11900,11765,11825,201748,11820,53,140
20151126 14:20:59.000,11820,11900,11765,11825,201752,11820,51,140
20151126 14:21:00.000,11820,11900,11765,11825,201752,11820,51,141
20151126 14:21:01.000,11820,11900,11765,11825,201756,11820,49,141
20151126 14:21:02.000,11820,11900,11765,11825,201760,11820,22,145
20151126 14:21:02.000,11820,11900,11765,11825,201762,11820,21,145
20151126 14:21:03.000,11820,11900,11765,11825,201770,11820,17,145
20151126 14:21:06.000,11815,11900,11765,11825,201804,11820,311,144
20151126 14:21:07.000,11815,11900,11765,11820,201804,11820,311,13
20151126 14:21:09.000,11815,11900,11765,11820,201814,11820,311,8
20151126 14:21:10.000,11815,11900,11765,11820,201816,11820,312,7
20151126 14:21:12.000,11815,11900,11765,11820,201816,11820,315,13
20151126 14:21:15.000,11815,11900,11765,11820,201818,11820,315,12
20151126 14:21:16.000,11815,11900,11765,11820,201818,11820,315,72
20151126 14:21:18.000,11815,11900,11765,11820,201818,11820,315,102
20151126 14:21:19.000,11815,11900,11765,11820,201818,11820,335,105
20151126 14:21:22.000,11815,11900,11765,11820,201818,11820,335,105
20151126 14:21:27.000,11815,11900,11765,11820,201818,11820,335,107
20151126 14:21:29.000,11815,11900,11765,11820,201818,11820,337,112
20151126 14:21:29.000,11815,11900,11765,11820,201824,11820,334,109
20151126 14:21:30.000,11815,11900,11765,11820,201826,11815,333,109
20151126 14:21:31.000,11815,11900,11765,11820,201834,11815,331,106
20151126 14:21:32.000,11815,11900,11765,11820,201834,11815,329,110
20151126 14:21:33.000,11815,11900,11765,11820,201836,11820,329,110
20151126 14:21:34.000,11815,11900,11765,11820,201836,11820,332,110
20151126 14:21:35.000,11815,11900,11765,11820,201838,11815,331,110
20151126 14:21:38.000,11815,11900,11765,11820,201838,11815,331,111
20151126 14:21:40.000,11815,11900,11765,11820,201842,11815,329,111
20151126 14:21:42.000,11815,11900,11765,11820,201846,11815,327,111
20151126 14:21:43.000,11815,11900,11765,11820,201846,11815,327,113
20151126 14:21:47.000,11815,11900,11765,11820,201846,11815,307,113
20151126 14:21:47.000,11815,11900,11765,11820,201848,11820,307,112
20151126 14:21:48.000,11815,11900,11765,11820,201848,11820,287,112
20151126 14:21:50.000,11815,11900,11765,11820,201848,11820,288,112
20151126 14:21:53.000,11815,11900,11765,11820,201848,11820,288,113
20151126 14:21:54.000,11815,11900,11765,11820,201850,11815,287,114
20151126 14:21:55.000,11815,11900,11765,11820,201852,11815,286,115
20151126 14:21:55.000,11815,11900,11765,11820,201854,11815,285,115
20151126 14:21:56.000,11815,11900,11765,11820,201854,11815,585,115
20151126 14:21:58.000,11815,11900,11765,11820,201854,11815,585,115
20151126 14:21:59.000,11815,11900,11765,11820,201890,11820,580,103
20151126 14:22:02.000,11815,11900,11765,11820,201890,11820,600,103
20151126 14:22:02.000,11815,11900,11765,11820,201898,11815,596,103
20151126 14:22:03.000,11815,11900,11765,11820,201898,11815,596,107
20151126 14:22:04.000,11815,11900,11765,11820,201912,11820,596,100
20151126 14:22:06.000,11815,11900,11765,11820,201912,11820,596,137
20151126 14:22:07.000,11815,11900,11765,11820,201912,11820,596,139
20151126 14:22:08.000,11815,11900,11765,11820,201972,11815,566,139
20151126 14:22:08.000,11815,11900,11765,11820,202012,11815,546,144
20151126 14:22:10.000,11815,11900,11765,11820,202024,11820,546,138
20151126 14:22:11.000,11815,11900,11765,11820,202024,11820,546,133
20151126 14:22:15.000,11815,11900,11765,11820,202028,11820,546,131
20151126 14:22:18.000,11815,11900,11765,11820,202028,11820,548,131
20151126 14:22:21.000,11815,11900,11765,11820,202030,11820,548,130
20151126 14:22:21.000,11815,11900,11765,11820,202032,11820,548,129
20151126 14:22:22.000,11815,11900,11765,11820,202034,11815,547,129
20151126 14:22:24.000,11815,11900,11765,11820,202434,11815,349,129
20151126 14:22:28.000,11815,11900,11765,11820,202634,11815,249,134
20151126 14:22:30.000,11815,11900,11765,11820,202634,11815,249,135
20151126 14:22:31.000,11815,11900,11765,11820,202634,11815,249,140
20151126 14:22:33.000,11815,11900,11765,11820,202834,11815,149,140
20151126 14:22:34.000,11815,11900,11765,11820,202836,11815,148,140
20151126 14:22:34.000,11815,11900,11765,11820,202878,11815,127,139
20151126 14:22:35.000,11815,11900,11765,11820,202900,11815,116,139
20151126 14:22:35.000,11815,11900,11765,11820,202920,11815,106,139
20151126 14:22:36.000,11815,11900,11765,11820,202926,11815,103,139
20151126 14:22:36.000,11815,11900,11765,11820,202928,11815,102,132
20151126 14:22:37.000,11815,11900,11765,11820,202934,11815,99,132
20151126 14:22:37.000,11815,11900,11765,11820,202938,11820,99,130
20151126 14:22:38.000,11815,11900,11765,11820,202942,11815,97,130
20151126 14:22:39.000,11815,11900,11765,11820,202952,11815,92,130
20151126 14:22:40.000,11815,11900,11765,11820,203016,11815,61,136
20151126 14:22:40.000,11815,11900,11765,11820,203056,11815,41,136
20151126 14:22:41.000,11815,11900,11765,11820,203058,11815,41,136
20151126 14:22:41.000,11815,11900,11765,11820,203136,11815,3,136
20151126 14:22:42.000,11810,11900,11765,11815,203142,11815,681,24
20151126 14:22:42.000,11810,11900,11765,11815,203154,11810,675,35
20151126 14:22:43.000,11810,11900,11765,11815,203252,11810,662,36
20151126 14:22:43.000,11810,11900,11765,11815,203260,11815,659,35
20151126 14:22:44.000,11810,11900,11765,11815,203260,11815,659,39
20151126 14:22:45.000,11810,11900,11765,11815,203272,11815,659,33
20151126 14:22:45.000,11810,11900,11765,11815,203292,11810,651,60
20151126 14:22:46.000,11810,11900,11765,11815,203292,11810,651,90
20151126 14:22:46.000,11810,11900,11765,11815,203294,11815,651,92
20151126 14:22:47.000,11810,11900,11765,11815,203296,11810,650,91
20151126 14:22:49.000,11810,11900,11765,11815,203296,11810,650,95
20151126 14:22:50.000,11810,11900,11765,11815,203302,11815,649,93
20151126 14:22:51.000,11810,11900,11765,11815,203316,11810,642,93
20151126 14:22:54.000,11810,11900,11765,11815,203316,11810,653,59
20151126 14:22:55.000,11810,11900,11765,11815,203316,11810,653,61
20151126 14:22:55.000,11810,11900,11765,11815,203322,11815,653,59
20151126 14:22:56.000,11810,11900,11765,11815,203334,11810,648,61
20151126 14:22:56.000,11810,11900,11765,11815,203344,11815,651,56
20151126 14:22:57.000,11810,11900,11765,11815,203344,11815,651,158
20151126 14:22:59.000,11810,11900,11765,11815,203348,11815,651,156
20151126 14:23:01.000,11810,11900,11765,11815,203348,11815,653,156
20151126 14:23:02.000,11810,11900,11765,11815,203348,11815,654,157
20151126 14:23:02.000,11810,11900,11765,11815,203350,11810,653,157
20151126 14:23:04.000,11810,11900,11765,11815,203354,11815,653,156
20151126 14:23:04.000,11810,11900,11765,11815,203360,11815,653,153
20151126 14:23:05.000,11810,11900,11765,11815,203366,11815,654,150
20151126 14:23:05.000,11810,11900,11765,11815,203372,11815,654,147
20151126 14:23:06.000,11810,11900,11765,11815,203376,11815,654,145
20151126 14:23:06.000,11810,11900,11765,11815,203384,11815,654,142
20151126 14:23:07.000,11810,11900,11765,11815,203388,11815,654,140
20151126 14:23:07.000,11810,11900,11765,11815,203394,11815,654,137
20151126 14:23:08.000,11810,11900,11765,11815,203398,11815,654,135
20151126 14:23:08.000,11810,11900,11765,11815,203402,11815,653,135
20151126 14:23:10.000,11810,11900,11765,11815,203408,11815,653,140
20151126 14:23:10.000,11810,11900,11765,11815,203420,11815,653,134
20151126 14:23:11.000,11810,11900,11765,11815,203438,11815,653,130
20151126 14:23:11.000,11810,11900,11765,11815,203452,11815,653,124
20151126 14:23:12.000,11810,11900,11765,11815,203472,11815,653,115
20151126 14:23:12.000,11810,11900,11765,11815,203490,11815,653,106
20151126 14:23:13.000,11810,11900,11765,11815,203502,11815,653,100
20151126 14:23:13.000,11810,11900,11765,11815,203548,11815,653,77
20151126 14:23:14.000,11810,11900,11765,11815,203582,11815,653,60
20151126 14:23:14.000,11810,11900,11765,11815,203632,11815,653,35
20151126 14:23:15.000,11810,11900,11765,11815,203700,11815,653,1
20151126 14:23:15.000,11815,11900,11765,11820,203712,11815,96,219
20151126 14:23:17.000,11815,11900,11765,11820,203716,11820,96,217
20151126 14:23:17.000,11815,11900,11765,11820,203718,11820,96,216
20151126 14:23:18.000,11815,11900,11765,11820,203718,11820,98,216
20151126 14:23:19.000,11815,11900,11765,11820,203718,11820,99,216
20151126 14:23:21.000,11815,11900,11765,11820,203722,11820,98,215
20151126 14:23:22.000,11815,11900,11765,11820,203722,11820,98,218
20151126 14:23:25.000,11815,11900,11765,11820,203722,11820,101,218
20151126 14:23:26.000,11815,11900,11765,11820,203722,11820,121,218
20151126 14:23:27.000,11815,11900,11765,11820,203722,11820,124,218
20151126 14:23:28.000,11815,11900,11765,11820,203744,11820,124,219
20151126 14:23:29.000,11815,11900,11765,11820,203744,11820,135,219
20151126 14:23:30.000,11815,11900,11765,11820,203744,11820,136,219
20151126 14:23:32.000,11815,11900,11765,11820,203746,11820,136,218
20151126 14:23:33.000,11815,11900,11765,11820,203748,11820,139,218
20151126 14:23:34.000,11815,11900,11765,11820,203748,11820,140,218
20151126 14:23:35.000,11815,11900,11765,11820,203748,11820,143,218
20151126 14:23:36.000,11815,11900,11765,11820,203750,11820,148,217
20151126 14:23:36.000,11815,11900,11765,11820,203752,11820,148,217
20151126 14:23:38.000,11815,11900,11765,11820,203754,11820,148,216
20151126 14:23:39.000,11815,11900,11765,11820,203756,11820,148,215
20151126 14:23:40.000,11815,11900,11765,11820,203802,11815,115,217
20151126 14:23:43.000,11815,11900,11765,11820,203802,11815,117,217
20151126 14:23:44.000,11815,11900,11765,11820,203802,11815,118,217
20151126 14:23:46.000,11815,11900,11765,11820,203802,11815,119,217
20151126 14:23:47.000,11815,11900,11765,11820,203828,11815,121,217
20151126 14:23:48.000,11815,11900,11765,11820,203830,11820,121,217
20151126 14:23:49.000,11815,11900,11765,11820,203832,11815,120,217
20151126 14:23:49.000,11815,11900,11765,11820,203872,11815,113,217
20151126 14:23:51.000,11815,11900,11765,11820,203876,11815,114,217
20151126 14:23:52.000,11815,11900,11765,11820,203876,11815,124,217
20151126 14:23:53.000,11815,11900,11765,11820,203876,11815,144,217
20151126 14:23:55.000,11815,11900,11765,11820,203876,11815,174,218
20151126 14:23:57.000,11815,11900,11765,11820,203878,11820,174,217
20151126 14:24:00.000,11815,11900,11765,11820,203878,11820,175,217
20151126 14:24:02.000,11815,11900,11765,11820,203880,11820,186,215
20151126 14:24:03.000,11815,11900,11765,11820,203882,11815,185,215
20151126 14:24:04.000,11815,11900,11765,11820,203884,11815,184,215
20151126 14:24:05.000,11815,11900,11765,11820,203884,11815,184,227
20151126 14:24:06.000,11815,11900,11765,11820,203886,11820,184,226
20151126 14:24:07.000,11815,11900,11765,11820,203886,11820,184,227
20151126 14:24:08.000,11815,11900,11765,11820,203886,11820,186,227
20151126 14:24:10.000,11815,11900,11765,11820,203886,11820,188,227
20151126 14:24:10.000,11815,11900,11765,11820,203906,11815,178,230
20151126 14:24:11.000,11815,11900,11765,11820,203906,11815,178,232
20151126 14:24:13.000,11815,11900,11765,11820,203912,11815,175,232
20151126 14:24:15.000,11815,11900,11765,11820,203914,11820,175,231
20151126 14:24:16.000,11815,11900,11765,11820,203914,11820,186,241
20151126 14:24:19.000,11815,11900,11765,11820,203914,11820,216,241
20151126 14:24:20.000,11815,11900,11765,11820,203914,11820,215,241
20151126 14:24:22.000,11815,11900,11765,11820,203928,11820,215,234
20151126 14:24:23.000,11815,11900,11765,11820,203930,11815,183,236
20151126 14:24:24.000,11815,11900,11765,11820,203930,11815,238,234
20151126 14:24:25.000,11815,11900,11765,11820,203930,11815,258,234
20151126 14:24:26.000,11815,11900,11765,11820,203930,11815,259,234
20151126 14:24:28.000,11815,11900,11765,11820,203932,11815,265,234
20151126 14:24:29.000,11815,11900,11765,11820,203934,11815,264,234
20151126 14:24:29.000,11815,11900,11765,11820,203936,11820,264,233
20151126 14:24:30.000,11815,11900,11765,11820,203962,11820,264,220
20151126 14:24:32.000,11815,11900,11765,11820,203962,11820,264,221
20151126 14:24:33.000,11815,11900,11765,11820,203962,11820,234,221
20151126 14:24:34.000,11815,11900,11765,11820,203964,11820,234,225
20151126 14:24:35.000,11815,11900,11765,11820,203964,11820,234,225
20151126 14:24:36.000,11815,11900,11765,11820,203980,11820,234,217
20151126 14:24:37.000,11815,11900,11765,11820,203980,11820,234,212
20151126 14:24:38.000,11815,11900,11765,11820,203980,11820,234,232
20151126 14:24:39.000,11815,11900,11765,11820,203982,11820,234,231
20151126 14:24:41.000,11815,11900,11765,11820,203996,11815,227,232
20151126 14:24:44.000,11815,11900,11765,11820,203996,11815,226,232
20151126 14:24:45.000,11815,11900,11765,11820,203996,11815,246,233
20151126 14:24:46.000,11815,11900,11765,11820,203996,11815,286,233
20151126 14:24:47.000,11815,11900,11765,11820,203996,11815,327,233
20151126 14:24:49.000,11815,11900,11765,11820,203996,11815,329,233
20151126 14:24:50.000,11815,11900,11765,11820,204016,11815,319,233
20151126 14:24:51.000,11815,11900,11765,11820,204020,11815,317,230
20151126 14:24:52.000,11815,11900,11765,11820,204220,11820,317,129
20151126 14:24:53.000,11815,11900,11765,11820,204222,11820,317,128
20151126 14:24:53.000,11815,11900,11765,11820,204228,11820,317,125
20151126 14:24:54.000,11815,11900,11765,11820,204236,11820,317,130
20151126 14:24:54.000,11815,11900,11765,11820,204238,11820,317,129
20151126 14:24:56.000,11815,11900,11765,11820,204242,11815,315,125
20151126 14:24:59.000,11815,11900,11765,11820,204244,11820,315,124
20151126 14:25:01.000,11815,11900,11765,11820,204244,11820,320,124
20151126 14:25:02.000,11815,11900,11765,11820,204264,11820,320,120
20151126 14:25:02.000,11815,11900,11765,11820,204288,11815,308,120
20151126 14:25:04.000,11815,11900,11765,11820,204296,11820,309,117
20151126 14:25:05.000,11815,11900,11765,11820,204296,11820,309,126
20151126 14:25:07.000,11815,11900,11765,11820,204296,11820,314,124
20151126 14:25:08.000,11815,11900,11765,11820,204298,11820,313,121
20151126 14:25:09.000,11815,11900,11765,11820,204300,11820,313,120
20151126 14:25:10.000,11815,11900,11765,11820,204302,11815,312,120
20151126 14:25:11.000,11815,11900,11765,11820,204304,11820,312,119
20151126 14:25:12.000,11815,11900,11765,11820,204304,11820,313,123
20151126 14:25:14.000,11815,11900,11765,11820,204316,11820,313,117
20151126 14:25:16.000,11815,11900,11765,11820,204344,11815,300,117
20151126 14:25:16.000,11815,11900,11765,11820,204346,11820,300,116
20151126 14:25:21.000,11815,11900,11765,11820,204348,11820,300,115
20151126 14:25:22.000,11815,11900,11765,11820,204358,11815,295,115
20151126 14:25:23.000,11815,11900,11765,11820,204358,11815,291,115
20151126 14:25:24.000,11815,11900,11765,11820,204400,11820,290,95
20151126 14:25:25.000,11815,11900,11765,11820,204532,11820,290,32
20151126 14:25:26.000,11820,11900,11765,11825,204596,11820,29,185
20151126 14:25:27.000,11820,11900,11765,11825,204600,11820,33,185
20151126 14:25:27.000,11820,11900,11765,11825,204602,11820,33,185
20151126 14:25:29.000,11820,11900,11765,11825,204602,11820,13,179
20151126 14:25:29.000,11820,11900,11765,11825,204604,11820,12,179
20151126 14:25:30.000,11820,11900,11765,11825,204614,11820,7,187
20151126 14:25:31.000,11820,11900,11765,11825,204614,11820,7,167
20151126 14:25:32.000,11820,11900,11765,11825,204614,11820,57,167
20151126 14:25:33.000,11820,11900,11765,11825,204614,11820,57,168
20151126 14:25:34.000,11820,11900,11765,11825,204614,11820,57,188
20151126 14:25:35.000,11820,11900,11765,11825,204614,11820,29,186
20151126 14:25:37.000,11820,11900,11765,11825,204614,11820,34,186
20151126 14:25:38.000,11820,11900,11765,11825,204614,11820,34,185
20151126 14:25:43.000,11820,11900,11765,11825,204614,11820,45,185
20151126 14:25:45.000,11820,11900,11765,11825,204614,11820,46,186
20151126 14:25:45.000,11815,11900,11765,11820,204710,11820,330,84
20151126 14:25:46.000,11815,11900,11765,11820,204710,11820,330,89
20151126 14:25:47.000,11815,11900,11765,11820,204710,11820,330,109
20151126 14:25:48.000,11815,11900,11765,11820,204712,11820,330,128
20151126 14:25:49.000,11815,11900,11765,11820,204722,11820,330,173
20151126 14:25:49.000,11815,11900,11765,11820,204724,11820,330,172
20151126 14:25:50.000,11815,11900,11765,11820,204724,11820,340,172
20151126 14:25:51.000,11815,11900,11765,11820,204732,11815,336,170
20151126 14:25:51.000,11815,11900,11765,11820,204746,11815,329,170
20151126 14:25:53.000,11815,11900,11765,11820,204746,11815,331,170
20151126 14:25:55.000,11815,11900,11765,11820,204746,11815,321,170
20151126 14:25:58.000,11815,11900,11765,11820,204750,11820,322,168
20151126 14:25:58.000,11815,11900,11765,11820,204766,11815,314,168
20151126 14:26:01.000,11815,11900,11765,11820,204766,11815,317,168
20151126 14:26:02.000,11815,11900,11765,11820,204766,11815,318,168
20151126 14:26:04.000,11810,11900,11765,11815,205426,11815,718,144
20151126 14:26:05.000,11810,11900,11765,11815,205426,11815,718,151
20151126 14:26:06.000,11810,11900,11765,11815,205426,11815,719,156
20151126 14:26:07.000,11810,11900,11765,11815,205434,11810,713,156
20151126 14:26:08.000,11810,11900,11765,11815,205434,11810,713,176
20151126 14:26:08.000,11810,11900,11765,11815,205442,11810,709,176
20151126 14:26:10.000,11810,11900,11765,11815,205442,11810,709,177
20151126 14:26:11.000,11810,11900,11765,11815,205726,11810,567,35
20151126 14:26:11.000,11810,11900,11765,11815,205728,11815,567,29
20151126 14:26:12.000,11810,11900,11765,11815,205736,11815,565,45
20151126 14:26:13.000,11810,11900,11765,11815,205738,11815,567,51
20151126 14:26:13.000,11810,11900,11765,11815,205740,11810,566,51
20151126 14:26:14.000,11810,11900,11765,11815,205752,11810,560,51
20151126 14:26:15.000,11810,11900,11765,11815,205762,11815,560,62
20151126 14:26:16.000,11810,11900,11765,11815,205762,11815,560,65
20151126 14:26:17.000,11810,11900,11765,11815,205762,11815,560,105
20151126 14:26:18.000,11810,11900,11765,11815,205762,11815,561,107
20151126 14:26:18.000,11810,11900,11765,11815,205776,11815,561,140
20151126 14:26:18.000,11810,11900,11765,11815,205778,11810,560,160
20151126 14:26:19.000,11810,11900,11765,11815,205778,11810,560,164
20151126 14:26:21.000,11810,11900,11765,11815,205778,11810,558,164
20151126 14:26:22.000,11810,11900,11765,11815,205778,11810,561,164
20151126 14:26:23.000,11810,11900,11765,11815,205778,11810,561,169
20151126 14:26:24.000,11810,11900,11765,11815,205780,11815,561,168
20151126 14:26:25.000,11810,11900,11765,11815,205780,11815,555,168
20151126 14:26:28.000,11810,11900,11765,11815,205782,11810,555,168
20151126 14:26:30.000,11810,11900,11765,11815,205784,11810,556,168
20151126 14:26:30.000,11810,11900,11765,11815,205878,11815,518,156
20151126 14:26:31.000,11810,11900,11765,11815,205878,11815,518,157
20151126 14:26:32.000,11810,11900,11765,11815,205878,11815,518,158
20151126 14:26:32.000,11810,11900,11765,11815,205884,11810,515,159
20151126 14:26:35.000,11810,11900,11765,11815,205884,11810,517,159
20151126 14:26:36.000,11810,11900,11765,11815,205892,11810,514,159
20151126 14:26:37.000,11810,11900,11765,11815,205892,11810,524,119
20151126 14:26:39.000,11810,11900,11765,11815,205894,11815,524,83
20151126 14:26:39.000,11810,11900,11765,11815,205908,11810,517,83
20151126 14:26:40.000,11810,11900,11765,11815,205908,11810,519,84
20151126 14:26:41.000,11810,11900,11765,11815,205924,11815,519,78
20151126 14:26:41.000,11810,11900,11765,11815,205944,11815,519,68
20151126 14:26:42.000,11810,11900,11765,11815,205944,11815,519,71
20151126 14:26:43.000,11810,11900,11765,11815,205952,11815,522,67
20151126 14:26:45.000,11810,11900,11765,11815,205966,11815,522,63
20151126 14:26:47.000,11810,11900,11765,11815,205966,11815,512,64
20151126 14:26:48.000,11810,11900,11765,11815,205968,11815,512,63
20151126 14:26:49.000,11810,11900,11765,11815,205968,11815,595,63
20151126 14:26:50.000,11810,11900,11765,11815,205968,11815,595,64
20151126 14:26:51.000,11810,11900,11765,11815,206012,11810,593,44
20151126 14:26:51.000,11810,11900,11765,11815,206014,11810,592,79
20151126 14:26:52.000,11810,11900,11765,11815,206016,11810,591,79
20151126 14:26:53.000,11815,11900,11765,11820,206178,11815,20,168
20151126 14:26:54.000,11810,11900,11765,11815,206218,11815,591,42
20151126 14:26:56.000,11810,11900,11765,11815,206240,11815,581,81
20151126 14:26:56.000,11810,11900,11765,11815,206242,11810,580,82
20151126 14:26:57.000,11810,11900,11765,11815,206242,11810,640,82
20151126 14:26:57.000,11810,11900,11765,11815,206246,11815,637,80
20151126 14:26:59.000,11810,11900,11765,11815,206246,11815,636,80
20151126 14:27:01.000,11810,11900,11765,11815,206346,11815,656,32
20151126 14:27:02.000,11810,11900,11765,11815,206388,11815,655,18
20151126 14:27:03.000,11810,11900,11765,11815,206398,11815,655,13
20151126 14:27:03.000,11815,11900,11765,11820,206424,11815,73,140
20151126 14:27:04.000,11815,11900,11765,11820,206424,11815,74,140
20151126 14:27:05.000,11815,11900,11765,11820,206424,11815,94,140
20151126 14:27:06.000,11815,11900,11765,11820,206426,11815,93,144
20151126 14:27:09.000,11815,11900,11765,11820,206426,11815,94,144
20151126 14:27:10.000,11815,11900,11765,11820,206426,11815,98,144
20151126 14:27:13.000,11815,11900,11765,11820,206436,11815,93,144
20151126 14:27:14.000,11815,11900,11765,11820,206442,11815,56,144
20151126 14:27:15.000,11815,11900,11765,11820,206444,11815,55,144
20151126 14:27:16.000,11815,11900,11765,11820,206444,11815,58,152
20151126 14:27:17.000,11815,11900,11765,11820,206444,11815,58,154
20151126 14:27:18.000,11815,11900,11765,11820,206446,11815,57,154
20151126 14:27:19.000,11815,11900,11765,11820,206446,11815,57,155
20151126 14:27:20.000,11815,11900,11765,11820,206446,11815,77,155
20151126 14:27:21.000,11815,11900,11765,11820,206448,11815,76,155
20151126 14:27:21.000,11815,11900,11765,11820,206450,11820,76,154
20151126 14:27:22.000,11815,11900,11765,11820,206450,11820,112,144
20151126 14:27:25.000,11815,11900,11765,11820,206452,11820,112,143
20151126 14:27:26.000,11815,11900,11765,11820,206452,11820,77,140
20151126 14:27:27.000,11815,11900,11765,11820,206452,11820,78,140
20151126 14:27:29.000,11815,11900,11765,11820,206452,11820,78,160
20151126 14:27:29.000,11815,11900,11765,11820,206462,11815,73,160
20151126 14:27:31.000,11815,11900,11765,11820,206462,11815,74,160
20151126 14:27:32.000,11815,11900,11765,11820,206482,11815,64,160
20151126 14:27:36.000,11815,11900,11765,11820,206522,11815,44,162
20151126 14:27:38.000,11815,11900,11765,11820,206530,11815,40,162
20151126 14:27:41.000,11815,11900,11765,11820,206550,11820,40,152
20151126 14:27:42.000,11815,11900,11765,11820,206558,11815,71,152
20151126 14:27:47.000,11815,11900,11765,11820,206558,11815,74,152
20151126 14:27:50.000,11815,11900,11765,11820,206558,11815,74,153
20151126 14:27:51.000,11815,11900,11765,11820,206562,11815,72,153
20151126 14:27:52.000,11815,11900,11765,11820,206566,11815,35,153
20151126 14:27:53.000,11815,11900,11765,11820,206606,11815,15,133
20151126 14:27:53.000,11815,11900,11765,11820,206616,11815,10,133
20151126 14:27:54.000,11815,11900,11765,11820,206624,11815,6,133
20151126 14:27:57.000,11815,11900,11765,11820,206624,11815,6,132
20151126 14:27:58.000,11810,11900,11765,11815,206636,11815,611,4
20151126 14:28:00.000,11810,11900,11765,11815,206636,11815,611,24
20151126 14:28:01.000,11810,11900,11765,11815,206642,11810,608,94
20151126 14:28:01.000,11810,11900,11765,11815,206648,11810,606,94
20151126 14:28:02.000,11810,11900,11765,11815,206748,11815,606,44
20151126 14:28:06.000,11810,11900,11765,11815,206750,11815,606,43
20151126 14:28:09.000,11810,11900,11765,11815,206750,11815,608,46
20151126 14:28:13.000,11810,11900,11765,11815,206754,11810,606,46
20151126 14:28:14.000,11810,11900,11765,11815,206766,11810,601,45
20151126 14:28:14.000,11810,11900,11765,11815,206772,11810,598,45
20151126 14:28:16.000,11810,11900,11765,11815,206772,11810,600,45
20151126 14:28:17.000,11810,11900,11765,11815,206774,11815,600,44
20151126 14:28:18.000,11810,11900,11765,11815,206784,11810,595,44
20151126 14:28:20.000,11810,11900,11765,11815,206784,11810,595,46
20151126 14:28:21.000,11810,11900,11765,11815,206788,11815,595,44
20151126 14:28:22.000,11810,11900,11765,11815,206800,11810,589,47
20151126 14:28:22.000,11810,11900,11765,11815,206804,11815,589,45
20151126 14:28:23.000,11810,11900,11765,11815,206804,11815,589,50
20151126 14:28:26.000,11810,11900,11765,11815,206804,11815,589,52
20151126 14:28:26.000,11810,11900,11765,11815,206806,11810,588,52
20151126 14:28:28.000,11810,11900,11765,11815,206816,11810,583,52
20151126 14:28:28.000,11810,11900,11765,11815,206818,11810,582,52
20151126 14:28:29.000,11810,11900,11765,11815,206818,11810,582,54
20151126 14:28:30.000,11810,11900,11765,11815,206820,11810,581,54
20151126 14:28:31.000,11810,11900,11765,11815,206826,11810,578,54
20151126 14:28:31.000,11810,11900,11765,11815,206832,11810,575,54
20151126 14:28:32.000,11810,11900,11765,11815,206834,11810,574,54
20151126 14:28:33.000,11810,11900,11765,11815,206836,11810,573,55
20151126 14:28:35.000,11810,11900,11765,11815,206838,11815,573,54
20151126 14:28:37.000,11810,11900,11765,11815,206842,11810,571,55
20151126 14:28:40.000,11810,11900,11765,11815,206842,11810,571,59
20151126 14:28:40.000,11810,11900,11765,11815,206854,11810,566,59
20151126 14:28:41.000,11810,11900,11765,11815,206864,11810,561,59
20151126 14:28:41.000,11810,11900,11765,11815,206904,11815,561,39
20151126 14:28:42.000,11810,11900,11765,11815,206904,11815,611,40
20151126 14:28:43.000,11810,11900,11765,11815,206906,11810,610,40
20151126 14:28:44.000,11810,11900,11765,11815,206910,11810,608,40
20151126 14:28:46.000,11810,11900,11765,11815,206910,11810,608,52
20151126 14:28:49.000,11810,11900,11765,11815,206932,11815,608,41
20151126 14:28:50.000,11810,11900,11765,11815,206934,11810,607,41
20151126 14:28:50.000,11810,11900,11765,11815,206944,11810,602,41
20151126 14:28:51.000,11810,11900,11765,11815,206958,11810,595,41
20151126 14:28:52.000,11810,11900,11765,11815,206960,11815,595,40
20151126 14:28:52.000,11810,11900,11765,11815,206966,11810,593,39
20151126 14:28:53.000,11810,11900,11765,11815,206986,11815,593,29
20151126 14:28:55.000,11810,11900,11765,11815,206986,11815,593,30
20151126 14:28:56.000,11810,11900,11765,11815,206986,11815,593,32
20151126 14:28:57.000,11810,11900,11765,11815,206988,11815,593,31
20151126 14:28:58.000,11810,11900,11765,11815,206990,11815,593,31
20151126 14:28:59.000,11810,11900,11765,11815,207030,11815,593,12
20151126 14:29:02.000,11810,11900,11765,11815,207030,11815,593,20
20151126 14:29:03.000,11810,11900,11765,11815,207046,11815,588,17
20151126 14:29:03.000,11810,11900,11765,11815,207050,11815,589,16
20151126 14:29:05.000,11810,11900,11765,11815,207060,11810,584,16
20151126 14:29:05.000,11810,11900,11765,11815,207066,11810,581,16
20151126 14:29:08.000,11810,11900,11765,11815,207070,11815,581,14
20151126 14:29:09.000,11810,11900,11765,11815,207072,11810,580,14
20151126 14:29:09.000,11810,11900,11765,11815,207076,11815,585,12
20151126 14:29:10.000,11810,11900,11765,11815,207076,11815,593,12
20151126 14:29:11.000,11810,11900,11765,11815,207086,11810,588,12
20151126 14:29:12.000,11810,11900,11765,11815,207088,11815,588,11
20151126 14:29:13.000,11810,11900,11765,11815,207092,11815,600,9
20151126 14:29:13.000,11810,11900,11765,11815,207098,11810,597,10
20151126 14:29:14.000,11810,11900,11765,11815,207102,11810,595,10
20151126 14:29:18.000,11810,11900,11765,11815,207102,11810,596,12
20151126 14:29:18.000,11810,11900,11765,11815,207108,11815,596,10
20151126 14:29:20.000,11810,11900,11765,11815,207114,11815,596,7
20151126 14:29:20.000,11810,11900,11765,11815,207146,11810,580,7
20151126 14:29:21.000,11810,11900,11765,11815,207180,11810,564,6
20151126 14:29:22.000,11810,11900,11765,11815,207180,11810,565,9
20151126 14:29:23.000,11810,11900,11765,11815,207182,11810,567,10
20151126 14:29:23.000,11810,11900,11765,11815,207184,11815,567,9
20151126 14:29:23.000,11815,11900,11765,11820,207202,11815,46,122
20151126 14:29:24.000,11815,11900,11765,11820,207202,11815,96,122
20151126 14:29:26.000,11815,11900,11765,11820,207202,11815,105,142
20151126 14:29:31.000,11815,11900,11765,11820,207202,11815,105,162
20151126 14:29:32.000,11815,11900,11765,11820,207230,11815,91,162
20151126 14:29:32.000,11815,11900,11765,11820,207266,11815,73,162
20151126 14:29:34.000,11815,11900,11765,11820,207266,11815,75,162
20151126 14:29:35.000,11815,11900,11765,11820,207268,11815,74,162
20151126 14:29:37.000,11815,11900,11765,11820,207272,11815,75,162
20151126 14:29:38.000,11815,11900,11765,11820,207272,11815,125,162
20151126 14:29:39.000,11815,11900,11765,11820,207272,11815,160,162
20151126 14:29:40.000,11815,11900,11765,11820,207272,11815,160,161
20151126 14:29:41.000,11815,11900,11765,11820,207304,11815,109,160
20151126 14:29:41.000,11815,11900,11765,11820,207358,11815,92,150
20151126 14:29:47.000,11815,11900,11765,11820,207364,11815,89,150
20151126 14:29:50.000,11815,11900,11765,11820,207372,11815,85,150
20151126 14:29:51.000,11815,11900,11765,11820,207428,11815,57,150
20151126 14:29:51.000,11815,11900,11765,11820,207460,11815,41,150
20151126 14:29:52.000,11810,11900,11765,11820,207542,11815,569,130
20151126 14:29:53.000,11810,11900,11765,11815,207542,11815,569,23
20151126 14:29:59.000,11810,11900,11765,11815,207566,11810,557,20
20151126 14:29:59.000,11810,11900,11765,11815,207572,11810,554,50
20151126 14:30:00.000,11810,11900,11765,11815,207572,11810,553,50
20151126 14:30:05.000,11810,11900,11765,11815,207590,11810,546,56
20151126 14:30:05.000,11810,11900,11765,11815,207594,11810,544,62
20151126 14:30:05.000,11810,11900,11765,11815,207606,11810,540,60
20151126 14:30:06.000,11810,11900,11765,11815,207610,11815,540,58
20151126 14:30:07.000,11810,11900,11765,11815,207614,11810,538,62
20151126 14:30:07.000,11810,11900,11765,11815,207618,11810,536,62
20151126 14:30:08.000,11810,11900,11765,11815,207626,11810,532,58
20151126 14:30:08.000,11810,11900,11765,11815,207634,11810,528,58
20151126 14:30:09.000,11810,11900,11765,11815,207642,11810,524,58
20151126 14:30:10.000,11810,11900,11765,11815,207644,11810,523,58
20151126 14:30:11.000,11810,11900,11765,11815,207662,11810,532,65
20151126 14:30:12.000,11810,11900,11765,11815,207678,11810,524,65
20151126 14:30:13.000,11810,11900,11765,11815,207678,11810,524,75
20151126 14:30:14.000,11810,11900,11765,11815,207682,11810,522,75
20151126 14:30:15.000,11810,11900,11765,11815,207686,11810,520,75
20151126 14:30:15.000,11810,11900,11765,11815,207692,11810,517,75
20151126 14:30:16.000,11810,11900,11765,11815,207694,11810,526,76
20151126 14:30:19.000,11810,11900,11765,11815,207694,11810,526,96
20151126 14:30:20.000,11810,11900,11765,11815,207694,11810,526,97
20151126 14:30:21.000,11810,11900,11765,11815,207694,11810,526,98
20151126 14:30:22.000,11810,11900,11765,11815,207710,11810,518,98
20151126 14:30:23.000,11810,11900,11765,11815,207746,11810,500,98
20151126 14:30:26.000,11810,11900,11765,11815,207748,11810,499,118
20151126 14:30:28.000,11810,11900,11765,11815,207750,11810,498,118
20151126 14:30:28.000,11810,11900,11765,11815,207752,11810,497,118
20151126 14:30:30.000,11810,11900,11765,11815,207756,11810,497,117
20151126 14:30:31.000,11810,11900,11765,11815,207756,11810,497,119
20151126 14:30:32.000,11810,11900,11765,11815,207758,11810,506,119
20151126 14:30:33.000,11810,11900,11765,11815,207762,11810,504,120
20151126 14:30:35.000,11810,11900,11765,11815,207762,11810,504,70
20151126 14:30:35.000,11810,11900,11765,11815,207764,11810,503,70
20151126 14:30:36.000,11810,11900,11765,11815,207804,11815,523,50
20151126 14:30:36.000,11810,11900,11765,11815,207844,11815,523,30
20151126 14:30:37.000,11810,11900,11765,11815,207846,11810,522,35
20151126 14:30:38.000,11810,11900,11765,11815,207846,11810,522,36
20151126 14:30:38.000,11810,11900,11765,11815,207848,11815,522,35
20151126 14:30:39.000,11810,11900,11765,11815,207852,11815,522,39
20151126 14:30:39.000,11810,11900,11765,11815,207854,11815,522,38
20151126 14:30:40.000,11810,11900,11765,11815,207854,11815,522,18
20151126 14:30:40.000,11810,11900,11765,11815,207856,11815,522,22
20151126 14:30:40.000,11810,11900,11765,11815,207876,11815,522,15
20151126 14:30:41.000,11810,11900,11765,11815,207878,11815,522,14
20151126 14:30:41.000,11810,11900,11765,11820,207906,11815,522,124
20151126 14:30:42.000,11810,11900,11765,11820,207906,11815,522,154
20151126 14:30:42.000,11810,11900,11765,11820,207908,11815,522,154
20151126 14:30:43.000,11810,11900,11765,11815,207908,11815,522,10
20151126 14:30:44.000,11810,11900,11765,11815,207924,11815,522,2
20151126 14:30:45.000,11810,11900,11765,11815,207928,11815,522,32
20151126 14:30:46.000,11810,11900,11765,11815,207934,11815,520,31
20151126 14:30:48.000,11810,11900,11765,11815,207934,11815,520,32
20151126 14:30:50.000,11810,11900,11765,11815,207934,11815,520,62
20151126 14:30:51.000,11810,11900,11765,11815,207938,11810,518,158
20151126 14:30:52.000,11810,11900,11765,11815,207942,11810,516,158
20151126 14:30:53.000,11810,11900,11765,11815,207942,11810,518,188
20151126 14:30:54.000,11810,11900,11765,11815,207942,11810,518,190
20151126 14:30:55.000,11810,11900,11765,11815,207944,11810,517,198
20151126 14:30:57.000,11810,11900,11765,11815,207944,11810,517,169
20151126 14:30:59.000,11810,11900,11765,11815,207946,11815,517,168
20151126 14:31:00.000,11810,11900,11765,11815,207946,11815,516,168
20151126 14:31:01.000,11810,11900,11765,11815,207946,11815,516,203
20151126 14:31:03.000,11810,11900,11765,11815,207948,11815,516,202
20151126 14:31:04.000,11810,11900,11765,11815,207948,11815,516,232
20151126 14:31:06.000,11810,11900,11765,11815,207972,11810,504,232
20151126 14:31:07.000,11810,11900,11765,11815,207972,11810,504,203
20151126 14:31:12.000,11810,11900,11765,11815,207972,11810,505,203
20151126 14:31:13.000,11810,11900,11765,11815,207974,11810,504,203
20151126 14:31:14.000,11810,11900,11765,11815,208038,11810,472,203
20151126 14:31:17.000,11810,11900,11765,11815,208040,11810,471,202
20151126 14:31:17.000,11810,11900,11765,11815,208044,11815,471,200
20151126 14:31:18.000,11810,11900,11765,11815,208056,11810,465,200
20151126 14:31:21.000,11810,11900,11765,11815,208058,11810,464,200
20151126 14:31:21.000,11810,11900,11765,11815,208060,11810,463,200
20151126 14:31:23.000,11810,11900,11765,11815,208060,11810,463,201
20151126 14:31:24.000,11810,11900,11765,11815,208060,11810,463,202
20151126 14:31:26.000,11810,11900,11765,11815,208060,11810,463,204
20151126 14:31:28.000,11810,11900,11765,11815,208060,11810,483,204
20151126 14:31:29.000,11810,11900,11765,11815,208060,11810,483,210
20151126 14:31:30.000,11810,11900,11765,11815,208064,11810,481,210
20151126 14:31:31.000,11810,11900,11765,11815,208468,11810,280,210
20151126 14:31:32.000,11810,11900,11765,11815,208468,11810,280,211
20151126 14:31:32.000,11810,11900,11765,11815,208486,11810,271,211
20151126 14:31:33.000,11810,11900,11765,11815,208506,11810,261,211
20151126 14:31:33.000,11810,11900,11765,11815,208516,11810,256,211
20151126 14:31:34.000,11810,11900,11765,11815,208522,11810,254,210
20151126 14:31:35.000,11810,11900,11765,11815,208524,11810,282,210
20151126 14:31:36.000,11810,11900,11765,11815,208924,11810,82,232
20151126 14:31:36.000,11805,11900,11765,11810,209088,11810,868,65
20151126 14:31:37.000,11805,11900,11765,11810,209088,11810,868,273
20151126 14:31:38.000,11805,11900,11765,11810,209186,11805,820,278
20151126 14:31:38.000,11805,11900,11765,11810,209448,11805,689,305
20151126 14:31:38.000,11805,11900,11765,11810,209452,11805,687,305
20151126 14:31:39.000,11805,11900,11765,11810,209458,11805,684,305
20151126 14:31:39.000,11805,11900,11765,11810,209460,11810,684,304
20151126 14:31:40.000,11805,11900,11765,11810,209460,11810,685,304
20151126 14:31:41.000,11805,11900,11765,11810,209464,11805,683,303
20151126 14:31:42.000,11805,11900,11765,11810,210686,11810,83,332
20151126 14:31:42.000,11805,11900,11765,11810,210726,11810,83,312
20151126 14:31:42.000,11805,11900,11765,11810,210728,11805,82,313
20151126 14:31:43.000,11805,11900,11765,11810,210746,11805,75,312
20151126 14:31:44.000,11805,11900,11765,11810,210750,11805,73,312
20151126 14:31:45.000,11805,11900,11765,11810,210760,11805,71,310
20151126 14:31:45.000,11805,11900,11765,11810,210766,11805,68,310
20151126 14:31:46.000,11805,11900,11765,11810,210774,11805,64,310
20151126 14:31:46.000,11805,11900,11765,11810,210776,11805,63,313
20151126 14:31:46.000,11805,11900,11765,11810,210782,11805,60,313
20151126 14:31:48.000,11805,11900,11765,11810,210804,11805,49,287
20151126 14:31:48.000,11805,11900,11765,11810,210806,11805,48,287
20151126 14:31:49.000,11805,11900,11765,11810,210916,11805,46,248
20151126 14:31:49.000,11805,11900,11765,11810,210968,11805,20,248
20151126 14:31:49.000,11805,11900,11765,11810,210970,11805,19,248
20151126 14:31:51.000,11805,11900,11765,11810,210974,11805,17,248
20151126 14:31:51.000,11800,11900,11765,11805,211014,11800,986,9
20151126 14:31:52.000,11800,11900,11765,11805,211046,11800,974,7
20151126 14:31:52.000,11800,11900,11765,11805,211384,11800,949,6
20151126 14:31:53.000,11800,11900,11765,11805,211386,11800,948,6
20151126 14:31:53.000,11800,11900,11765,11805,211388,11800,947,7
20151126 14:31:54.000,11805,11900,11765,11810,211398,11805,21,47
20151126 14:31:54.000,11805,11900,11765,11810,211400,11805,44,47
20151126 14:31:55.000,11805,11900,11765,11810,211400,11805,50,47
20151126 14:31:57.000,11805,11900,11765,11810,211400,11805,83,47
20151126 14:31:58.000,11805,11900,11765,11810,211402,11805,86,21
20151126 14:31:58.000,11805,11900,11765,11810,211412,11805,81,21
20151126 14:31:59.000,11805,11900,11765,11810,211414,11805,80,22
20151126 14:31:59.000,11805,11900,11765,11810,211416,11805,94,22
20151126 14:31:59.000,11805,11900,11765,11810,211434,11805,86,22
20151126 14:32:00.000,11805,11900,11765,11810,211476,11805,87,2
20151126 14:32:01.000,11805,11900,11765,11810,211480,11805,85,3
20151126 14:32:02.000,11805,11900,11765,11810,211480,11805,96,23
20151126 14:32:03.000,11805,11900,11765,11815,211526,11810,96,220
20151126 14:32:04.000,11805,11900,11765,11815,211534,11810,95,220
20151126 14:32:05.000,11810,11900,11765,11815,211546,11810,108,230
20151126 14:32:07.000,11810,11900,11765,11815,211546,11810,111,230
20151126 14:32:08.000,11810,11900,11765,11815,211546,11810,76,332
20151126 14:32:09.000,11810,11900,11765,11815,211546,11810,76,333
20151126 14:32:10.000,11810,11900,11765,11815,211546,11810,76,334
20151126 14:32:11.000,11810,11900,11765,11815,211548,11810,75,334
20151126 14:32:12.000,11810,11900,11765,11815,211550,11810,112,334
20151126 14:32:12.000,11810,11900,11765,11815,211552,11810,112,344
20151126 14:32:14.000,11810,11900,11765,11815,211552,11810,78,346
20151126 14:32:14.000,11810,11900,11765,11815,211556,11810,76,346
20151126 14:32:15.000,11810,11900,11765,11815,211556,11810,111,246
20151126 14:32:15.000,11810,11900,11765,11815,211562,11810,108,246
20151126 14:32:16.000,11810,11900,11765,11815,211562,11810,109,246
20151126 14:32:20.000,11810,11900,11765,11815,211562,11810,109,248
20151126 14:32:21.000,11810,11900,11765,11815,211562,11810,114,250
20151126 14:32:22.000,11810,11900,11765,11815,211562,11810,118,250
20151126 14:32:23.000,11810,11900,11765,11815,211562,11810,122,250
20151126 14:32:26.000,11810,11900,11765,11815,211562,11810,142,250
20151126 14:32:30.000,11810,11900,11765,11815,211562,11810,142,220
20151126 14:32:31.000,11810,11900,11765,11815,211582,11810,133,220
20151126 14:32:32.000,11810,11900,11765,11815,211584,11810,132,220
20151126 14:32:34.000,11810,11900,11765,11815,211584,11810,133,220
20151126 14:32:35.000,11810,11900,11765,11815,211586,11810,132,218
20151126 14:32:36.000,11810,11900,11765,11815,211596,11810,133,220
20151126 14:32:37.000,11810,11900,11765,11815,211596,11810,135,220
20151126 14:32:38.000,11810,11900,11765,11815,211596,11810,144,220
20151126 14:32:42.000,11810,11900,11765,11815,211626,11810,139,210
20151126 14:32:43.000,11810,11900,11765,11815,211626,11810,159,220
20151126 14:32:43.000,11810,11900,11765,11815,211646,11815,159,210
20151126 14:32:44.000,11810,11900,11765,11815,211648,11815,159,209
20151126 14:32:45.000,11810,11900,11765,11815,211648,11815,160,209
20151126 14:32:46.000,11810,11900,11765,11815,211650,11815,161,208
20151126 14:32:49.000,11810,11900,11765,11815,211664,11815,122,205
20151126 14:32:52.000,11810,11900,11765,11815,211668,11810,141,205
20151126 14:32:53.000,11810,11900,11765,11815,211668,11810,142,205
20151126 14:32:57.000,11810,11900,11765,11815,211670,11815,142,204
20151126 14:33:00.000,11810,11900,11765,11815,211670,11815,178,204
20151126 14:33:03.000,11810,11900,11765,11815,211672,11815,178,203
20151126 14:33:03.000,11810,11900,11765,11815,211678,11810,175,203
20151126 14:33:04.000,11810,11900,11765,11815,211678,11810,176,203
20151126 14:33:06.000,11810,11900,11765,11815,211680,11815,177,202
20151126 14:33:07.000,11810,11900,11765,11815,211682,11815,177,201
20151126 14:33:08.000,11810,11900,11765,11815,211682,11815,179,201
20151126 14:33:09.000,11810,11900,11765,11815,211684,11815,184,200
20151126 14:33:12.000,11810,11900,11765,11815,211686,11815,184,199
20151126 14:33:14.000,11810,11900,11765,11815,211690,11810,183,198
20151126 14:33:15.000,11810,11900,11765,11815,211692,11815,148,197
20151126 14:33:16.000,11810,11900,11765,11815,211692,11815,149,197
20151126 14:33:17.000,11810,11900,11765,11815,211692,11815,154,197
20151126 14:33:18.000,11810,11900,11765,11815,211692,11815,154,199
20151126 14:33:20.000,11810,11900,11765,11815,211692,11815,157,199
20151126 14:33:21.000,11810,11900,11765,11815,211692,11815,193,199
20151126 14:33:25.000,11810,11900,11765,11815,211692,11815,194,199
20151126 14:33:26.000,11810,11900,11765,11815,211694,11810,189,199
20151126 14:33:27.000,11810,11900,11765,11815,211694,11810,189,195
20151126 14:33:31.000,11810,11900,11765,11815,211694,11810,190,195
20151126 14:33:32.000,11810,11900,11765,11815,211694,11810,190,196
20151126 14:33:34.000,11810,11900,11765,11815,211734,11810,135,196
20151126 14:33:35.000,11810,11900,11765,11815,211736,11810,134,196
20151126 14:33:36.000,11810,11900,11765,11815,211736,11810,136,196
20151126 14:33:37.000,11810,11900,11765,11815,211736,11810,141,196
20151126 14:33:41.000,11810,11900,11765,11815,211738,11815,142,195
20151126 14:33:42.000,11810,11900,11765,11815,211758,11815,142,185
20151126 14:33:43.000,11810,11900,11765,11815,211762,11810,142,185
20151126 14:33:46.000,11810,11900,11765,11815,211762,11810,162,185
20151126 14:33:52.000,11810,11900,11765,11815,211768,11810,158,187
20151126 14:33:53.000,11810,11900,11765,11815,211768,11810,159,187
20151126 14:33:54.000,11810,11900,11765,11815,211768,11810,159,189
20151126 14:33:55.000,11810,11900,11765,11815,211770,11815,159,188
20151126 14:33:56.000,11810,11900,11765,11815,211770,11815,154,188
20151126 14:33:56.000,11810,11900,11765,11815,211792,11810,145,187
20151126 14:33:57.000,11810,11900,11765,11815,211792,11810,155,187
20151126 14:33:59.000,11810,11900,11765,11815,211802,11810,151,188
20151126 14:34:01.000,11810,11900,11765,11815,211802,11810,154,208
20151126 14:34:06.000,11810,11900,11765,11815,211802,11810,159,208
20151126 14:34:07.000,11810,11900,11765,11815,211804,11815,193,207
20151126 14:34:08.000,11810,11900,11765,11815,211824,11810,183,207
20151126 14:34:10.000,11810,11900,11765,11815,211824,11810,183,209
20151126 14:34:11.000,11810,11900,11765,11815,211824,11810,184,189
20151126 14:34:14.000,11810,11900,11765,11815,211824,11810,184,187
20151126 14:34:15.000,11810,11900,11765,11815,211826,11810,183,187
20151126 14:34:17.000,11810,11900,11765,11815,211830,11810,181,187
20151126 14:34:20.000,11810,11900,11765,11815,211830,11810,183,187
20151126 14:34:21.000,11810,11900,11765,11815,211830,11810,183,184
20151126 14:34:22.000,11810,11900,11765,11815,211830,11810,184,184
20151126 14:34:23.000,11810,11900,11765,11815,211832,11810,185,182
20151126 14:34:31.000,11810,11900,11765,11815,211832,11810,185,183
20151126 14:34:32.000,11810,11900,11765,11815,211832,11810,185,183
20151126 14:34:34.000,11810,11900,11765,11815,211834,11810,148,183
20151126 14:34:34.000,11810,11900,11765,11815,211838,11810,146,183
20151126 14:34:35.000,11810,11900,11765,11815,211840,11810,145,183
20151126 14:34:42.000,11810,11900,11765,11815,211860,11815,149,173
20151126 14:34:44.000,11810,11900,11765,11815,211860,11815,161,173
20151126 14:34:44.000,11810,11900,11765,11815,211890,11815,151,168
20151126 14:34:46.000,11810,11900,11765,11815,211890,11815,149,168
20151126 14:34:47.000,11810,11900,11765,11815,211892,11810,148,168
20151126 14:34:50.000,11810,11900,11765,11815,211894,11815,148,167
20151126 14:34:52.000,11810,11900,11765,11815,211898,11810,152,167
20151126 14:34:55.000,11810,11900,11765,11815,211898,11810,187,165
20151126 14:34:59.000,11810,11900,11765,11815,211900,11810,186,165
20151126 14:35:05.000,11810,11900,11765,11815,211940,11815,186,145
20151126 14:35:06.000,11810,11900,11765,11815,212020,11815,186,105
20151126 14:35:07.000,11810,11900,11765,11815,212046,11815,186,92
20151126 14:35:07.000,11810,11900,11765,11815,212128,11815,186,51
20151126 14:35:08.000,11810,11900,11765,11815,212202,11815,186,14
20151126 14:35:09.000,11815,11900,11765,11820,212230,11815,27,120
20151126 14:35:10.000,11815,11900,11765,11820,212230,11815,66,120
20151126 14:35:13.000,11815,11900,11765,11820,212290,11820,66,92
20151126 14:35:14.000,11815,11900,11765,11820,212292,11820,66,91
20151126 14:35:16.000,11815,11900,11765,11820,212292,11820,68,93
20151126 14:35:18.000,11815,11900,11765,11820,212306,11815,61,93
20151126 14:35:19.000,11815,11900,11765,11820,212306,11815,61,73
20151126 14:35:20.000,11815,11900,11765,11820,212316,11820,61,68
20151126 14:35:21.000,11815,11900,11765,11820,212316,11820,61,79
20151126 14:35:22.000,11815,11900,11765,11820,212320,11815,59,99
20151126 14:35:23.000,11815,11900,11765,11820,212320,11815,60,119
20151126 14:35:24.000,11815,11900,11765,11820,212360,11820,61,99
20151126 14:35:26.000,11815,11900,11765,11820,212360,11820,61,102
20151126 14:35:31.000,11815,11900,11765,11820,212360,11820,66,102
20151126 14:35:31.000,11815,11900,11765,11820,212362,11820,66,100
20151126 14:35:33.000,11815,11900,11765,11820,212362,11820,66,80
20151126 14:35:36.000,11815,11900,11765,11820,212364,11815,66,80
20151126 14:35:37.000,11815,11900,11765,11820,212364,11815,41,91
20151126 14:35:38.000,11815,11900,11765,11820,212364,11815,41,92
20151126 14:35:40.000,11815,11900,11765,11820,212364,11815,42,92
20151126 14:35:42.000,11815,11900,11765,11820,212384,11820,42,82
20151126 14:35:43.000,11815,11900,11765,11820,212384,11820,97,83
20151126 14:35:45.000,11815,11900,11765,11820,212384,11820,98,83
20151126 14:35:46.000,11815,11900,11765,11820,212426,11820,98,67
20151126 14:35:46.000,11815,11900,11765,11820,212434,11820,98,69
20151126 14:35:47.000,11815,11900,11765,11820,212434,11820,102,69
20151126 14:35:48.000,11815,11900,11765,11820,212434,11820,117,70
20151126 14:35:49.000,11815,11900,11765,11820,212434,11820,116,69
20151126 14:35:50.000,11815,11900,11765,11820,212434,11820,117,69
20151126 14:35:51.000,11815,11900,11765,11820,212434,11820,118,69
20151126 14:35:52.000,11815,11900,11765,11820,212450,11820,120,81
20151126 14:35:53.000,11815,11900,11765,11820,212452,11820,120,80
20151126 14:35:54.000,11815,11900,11765,11820,212454,11820,120,79
20151126 14:35:54.000,11815,11900,11765,11820,212488,11820,120,62
20151126 14:35:55.000,11815,11900,11765,11820,212490,11820,120,61
20151126 14:35:57.000,11815,11900,11765,11820,212502,11820,120,55
20151126 14:36:00.000,11815,11900,11765,11820,212506,11820,117,53
20151126 14:36:01.000,11815,11900,11765,11820,212508,11820,117,63
20151126 14:36:02.000,11815,11900,11765,11820,212520,11820,117,57
20151126 14:36:04.000,11815,11900,11765,11820,212520,11820,127,67
20151126 14:36:05.000,11815,11900,11765,11820,212522,11820,127,66
20151126 14:36:07.000,11815,11900,11765,11820,212522,11820,127,76
20151126 14:36:08.000,11815,11900,11765,11820,212526,11820,127,74
20151126 14:36:09.000,11815,11900,11765,11820,212530,11820,127,72
20151126 14:36:09.000,11815,11900,11765,11820,212532,11820,127,71
20151126 14:36:11.000,11815,11900,11765,11820,212536,11820,127,71
20151126 14:36:11.000,11815,11900,11765,11820,212538,11820,127,70
20151126 14:36:13.000,11815,11900,11765,11820,212538,11820,126,70
20151126 14:36:14.000,11815,11900,11765,11820,212538,11820,91,70
20151126 14:36:14.000,11815,11900,11765,11820,212544,11820,91,67
20151126 14:36:17.000,11815,11900,11765,11820,212544,11820,92,67
20151126 14:36:18.000,11815,11900,11765,11820,212544,11820,92,68
20151126 14:36:25.000,11815,11900,11765,11820,212544,11820,92,73
20151126 14:36:28.000,11815,11900,11765,11820,212544,11820,91,73
20151126 14:36:30.000,11815,11900,11765,11820,212546,11820,91,73
20151126 14:36:31.000,11815,11900,11765,11820,212546,11820,92,73
20151126 14:36:32.000,11815,11900,11765,11820,212550,11820,92,71
20151126 14:36:34.000,11815,11900,11765,11820,212552,11820,92,70
20151126 14:36:34.000,11815,11900,11765,11820,212554,11820,92,69
20151126 14:36:35.000,11815,11900,11765,11820,212556,11820,92,68
20151126 14:36:35.000,11815,11900,11765,11820,212558,11820,92,67
20151126 14:36:36.000,11815,11900,11765,11820,212560,11815,91,67
20151126 14:36:36.000,11815,11900,11765,11820,212660,11820,91,27
20151126 14:36:37.000,11815,11900,11765,11820,212684,11820,91,35
20151126 14:36:38.000,11815,11900,11765,11820,212684,11820,91,55
20151126 14:36:42.000,11815,11900,11765,11820,212694,11820,87,54
20151126 14:36:43.000,11815,11900,11765,11820,212702,11820,87,50
20151126 14:36:45.000,11815,11900,11765,11820,212702,11820,107,50
20151126 14:36:47.000,11815,11900,11765,11820,212702,11820,107,51
20151126 14:36:49.000,11815,11900,11765,11820,212706,11820,107,49
20151126 14:36:50.000,11815,11900,11765,11820,212714,11820,107,45
20151126 14:36:50.000,11815,11900,11765,11820,212716,11820,107,44
20151126 14:36:51.000,11815,11900,11765,11820,212716,11820,108,44
20151126 14:36:52.000,11815,11900,11765,11820,212720,11820,108,42
20151126 14:36:53.000,11815,11900,11765,11820,212798,11820,108,3
20151126 14:36:54.000,11815,11900,11765,11820,212800,11820,108,2
20151126 14:36:54.000,11820,11900,11765,11825,212804,11820,20,203
20151126 14:36:55.000,11820,11900,11765,11825,212804,11820,55,219
20151126 14:36:56.000,11820,11900,11765,11825,212806,11820,58,219
20151126 14:36:57.000,11820,11900,11765,11825,212806,11820,59,219
20151126 14:36:58.000,11820,11900,11765,11825,212806,11820,79,219
20151126 14:36:59.000,11820,11900,11765,11825,212810,11820,77,217
20151126 14:37:00.000,11820,11900,11765,11825,212824,11820,71,217
20151126 14:37:01.000,11820,11900,11765,11825,212826,11825,37,216
20151126 14:37:01.000,11820,11900,11765,11825,212830,11825,39,214
20151126 14:37:02.000,11820,11900,11765,11825,212832,11825,74,213
20151126 14:37:03.000,11820,11900,11765,11825,212852,11820,35,213
20151126 14:37:04.000,11820,11900,11765,11825,212852,11820,34,213
20151126 14:37:07.000,11820,11900,11765,11825,212854,11825,34,212
20151126 14:37:07.000,11820,11900,11765,11825,212856,11825,34,211
20151126 14:37:09.000,11820,11900,11765,11825,212866,11820,34,211
20151126 14:37:10.000,11820,11900,11765,11825,212866,11820,35,211
20151126 14:37:11.000,11820,11900,11765,11825,212876,11825,36,206
20151126 14:37:12.000,11820,11900,11765,11825,212876,11825,92,196
20151126 14:37:13.000,11820,11900,11765,11825,212906,11825,92,181
20151126 14:37:14.000,11820,11900,11765,11825,212914,11820,88,181
20151126 14:37:15.000,11820,11900,11765,11825,212926,11820,82,181
20151126 14:37:19.000,11820,11900,11765,11825,212926,11820,88,181
20151126 14:37:20.000,11820,11900,11765,11825,212926,11820,89,181
20151126 14:37:25.000,11820,11900,11765,11825,212926,11820,90,181
20151126 14:37:27.000,11820,11900,11765,11825,212930,11820,88,181
20151126 14:37:28.000,11820,11900,11765,11825,212930,11820,55,181
20151126 14:37:35.000,11820,11900,11765,11825,212932,11820,54,181
20151126 14:37:36.000,11820,11900,11765,11825,212938,11820,51,181
20151126 14:37:38.000,11820,11900,11765,11825,212946,11820,49,177
20151126 14:37:38.000,11820,11900,11765,11825,212954,11820,45,177
20151126 14:37:39.000,11820,11900,11765,11825,212954,11820,39,177
20151126 14:37:40.000,11820,11900,11765,11825,212954,11820,41,177
20151126 14:37:41.000,11820,11900,11765,11825,212994,11820,21,177
20151126 14:37:42.000,11820,11900,11765,11825,212998,11820,20,177
20151126 14:37:43.000,11820,11900,11765,11825,213002,11820,18,177
20151126 14:37:44.000,11815,11900,11765,11825,213038,11820,95,177
20151126 14:37:45.000,11815,11900,11765,11820,213038,11820,84,40
20151126 14:37:46.000,11815,11900,11765,11820,213038,11820,84,42
20151126 14:37:50.000,11815,11900,11765,11820,213038,11820,84,43
20151126 14:37:52.000,11815,11900,11765,11820,213054,11820,82,37
20151126 14:37:54.000,11815,11900,11765,11820,213054,11820,83,37
20151126 14:37:55.000,11815,11900,11765,11820,213056,11820,83,46
20151126 14:37:57.000,11815,11900,11765,11820,213056,11820,82,46
20151126 14:37:59.000,11815,11900,11765,11820,213058,11820,82,47
20151126 14:38:01.000,11815,11900,11765,11820,213060,11815,81,47
20151126 14:38:01.000,11815,11900,11765,11820,213072,11815,75,47
20151126 14:38:03.000,11815,11900,11765,11820,213072,11815,78,47
20151126 14:38:06.000,11815,11900,11765,11820,213072,11815,79,57
20151126 14:38:07.000,11815,11900,11765,11820,213072,11815,99,59
20151126 14:38:09.000,11815,11900,11765,11820,213072,11815,109,60
20151126 14:38:11.000,11815,11900,11765,11820,213074,11820,109,59
20151126 14:38:12.000,11815,11900,11765,11820,213074,11820,115,59
20151126 14:38:12.000,11815,11900,11765,11820,213174,11820,115,9
20151126 14:38:14.000,11815,11900,11765,11820,213174,11820,115,10
20151126 14:38:15.000,11815,11900,11765,11820,213174,11820,115,11
20151126 14:38:18.000,11815,11900,11765,11820,213174,11820,115,16
20151126 14:38:20.000,11815,11900,11765,11820,213174,11820,115,26
20151126 14:38:25.000,11815,11900,11765,11820,213174,11820,116,27
20151126 14:38:27.000,11815,11900,11765,11820,213176,11820,116,26
20151126 14:38:29.000,11815,11900,11765,11820,213176,11820,116,28
20151126 14:38:30.000,11815,11900,11765,11820,213176,11820,116,30
20151126 14:38:36.000,11815,11900,11765,11820,213216,11820,116,10
20151126 14:38:37.000,11815,11900,11765,11820,213216,11820,116,15
20151126 14:38:38.000,11815,11900,11765,11820,213218,11820,116,14
20151126 14:38:44.000,11815,11900,11765,11820,213218,11820,106,14
20151126 14:38:48.000,11815,11900,11765,11820,213220,11820,106,13
20151126 14:38:49.000,11815,11900,11765,11820,213220,11820,106,14
20151126 14:38:51.000,11815,11900,11765,11820,213220,11820,106,24
20151126 14:38:52.000,11815,11900,11765,11820,213220,11820,106,25
20151126 14:39:00.000,11815,11900,11765,11820,213220,11820,106,26
20151126 14:39:04.000,11815,11900,11765,11820,213220,11820,106,27
20151126 14:39:10.000,11815,11900,11765,11820,213222,11815,105,27
20151126 14:39:15.000,11815,11900,11765,11820,213222,11815,105,28
20151126 14:39:16.000,11820,11900,11765,11825,213280,11820,22,219
20151126 14:39:19.000,11820,11900,11765,11825,213282,11820,22,219
20151126 14:39:20.000,11820,11900,11765,11825,213296,11820,15,219
20151126 14:39:21.000,11820,11900,11765,11825,213296,11820,15,222
20151126 14:39:22.000,11820,11900,11765,11825,213316,11820,5,230
20151126 14:39:23.000,11820,11900,11765,11825,213318,11820,4,242
20151126 14:39:23.000,11815,11900,11765,11820,213326,11820,106,7
20151126 14:39:28.000,11815,11900,11765,11820,213330,11820,105,6
20151126 14:39:29.000,11815,11900,11765,11820,213332,11820,105,5
20151126 14:39:30.000,11815,11900,11765,11820,213336,11820,106,3
20151126 14:39:31.000,11815,11900,11765,11820,213336,11820,106,4
20151126 14:39:32.000,11815,11900,11765,11820,213336,11820,106,34
20151126 14:39:33.000,11815,11900,11765,11820,213358,11820,106,25
20151126 14:39:34.000,11815,11900,11765,11820,213358,11820,106,26
20151126 14:39:38.000,11815,11900,11765,11820,213360,11820,108,26
20151126 14:39:39.000,11815,11900,11765,11820,213360,11820,108,27
20151126 14:39:40.000,11815,11900,11765,11820,213360,11820,108,29
20151126 14:39:41.000,11815,11900,11765,11820,213360,11820,110,29
20151126 14:39:42.000,11815,11900,11765,11820,213368,11820,110,25
20151126 14:39:44.000,11815,11900,11765,11820,213368,11820,110,27
20151126 14:39:48.000,11815,11900,11765,11820,213368,11820,116,57
20151126 14:39:49.000,11815,11900,11765,11820,213368,11820,116,58
20151126 14:39:51.000,11815,11900,11765,11820,213368,11820,116,60
20151126 14:39:54.000,11815,11900,11765,11820,213368,11820,116,62
20151126 14:39:56.000,11815,11900,11765,11820,213370,11815,116,64
20151126 14:39:56.000,11815,11900,11765,11820,213388,11815,113,64
20151126 14:39:57.000,11815,11900,11765,11820,213390,11820,113,63
20151126 14:39:58.000,11815,11900,11765,11820,213410,11820,113,53
20151126 14:40:02.000,11820,11900,11765,11825,213516,11820,28,244
20151126 14:40:04.000,11820,11900,11765,11825,213556,11820,8,244
20151126 14:40:06.000,11820,11900,11765,11825,213566,11820,3,244
20151126 14:40:06.000,11815,11900,11765,11820,213582,11820,113,11
20151126 14:40:07.000,11815,11900,11765,11820,213584,11820,113,12
20151126 14:40:10.000,11815,11900,11765,11820,213588,11820,113,49
20151126 14:40:12.000,11815,11900,11765,11820,213592,11820,113,48
20151126 14:40:16.000,11815,11900,11765,11820,213592,11820,113,49
20151126 14:40:19.000,11815,11900,11765,11820,213592,11820,113,52
20151126 14:40:22.000,11815,11900,11765,11820,213592,11820,113,55
20151126 14:40:35.000,11815,11900,11765,11820,213594,11820,113,54
20151126 14:40:39.000,11815,11900,11765,11820,213594,11820,114,55
20151126 14:40:40.000,11815,11900,11765,11820,213634,11815,132,55
20151126 14:40:42.000,11815,11900,11765,11820,213634,11815,132,56
20151126 14:40:44.000,11815,11900,11765,11820,213634,11815,132,58
20151126 14:40:48.000,11815,11900,11765,11820,213634,11815,133,58
20151126 14:40:49.000,11815,11900,11765,11820,213634,11815,133,59
20151126 14:40:51.000,11815,11900,11765,11820,213634,11815,133,69
20151126 14:40:56.000,11815,11900,11765,11820,213634,11815,132,69
20151126 14:40:58.000,11815,11900,11765,11820,213634,11815,132,70
20151126 14:40:59.000,11815,11900,11765,11820,213634,11815,132,71
20151126 14:41:00.000,11815,11900,11765,11820,213634,11815,132,81
20151126 14:41:01.000,11815,11900,11765,11820,213634,11815,132,83
20151126 14:41:07.000,11815,11900,11765,11820,213634,11815,133,86
20151126 14:41:11.000,11815,11900,11765,11820,213634,11815,132,86
20151126 14:41:16.000,11815,11900,11765,11820,213634,11815,132,91
20151126 14:41:19.000,11815,11900,11765,11820,213644,11815,129,91
20151126 14:41:20.000,11815,11900,11765,11820,213644,11815,129,79
20151126 14:41:22.000,11815,11900,11765,11820,213644,11815,179,79
20151126 14:41:23.000,11815,11900,11765,11820,213644,11815,179,80
20151126 14:41:25.000,11815,11900,11765,11820,213644,11815,179,81
20151126 14:41:26.000,11815,11900,11765,11820,213646,11815,178,82
20151126 14:41:27.000,11815,11900,11765,11820,213748,11820,178,32
20151126 14:41:28.000,11815,11900,11765,11820,213750,11820,178,31
20151126 14:41:28.000,11815,11900,11765,11820,213752,11820,178,30
20151126 14:41:30.000,11815,11900,11765,11820,213752,11820,178,33
20151126 14:41:31.000,11815,11900,11765,11820,213756,11820,178,31
20151126 14:41:33.000,11815,11900,11765,11820,213808,11820,178,5
20151126 14:41:34.000,11820,11900,11765,11825,213818,11820,16,250
20151126 14:41:36.000,11820,11900,11765,11825,213818,11820,51,246
20151126 14:41:36.000,11820,11900,11765,11825,213820,11820,50,246
20151126 14:41:40.000,11820,11900,11765,11825,213822,11820,49,246
20151126 14:41:41.000,11820,11900,11765,11825,213822,11820,14,246
20151126 14:41:43.000,11820,11900,11765,11825,213822,11820,16,246
20151126 14:41:47.000,11815,11900,11765,11825,213866,11820,167,247
20151126 14:41:50.000,11815,11900,11765,11820,213866,11820,167,39
20151126 14:41:50.000,11815,11900,11765,11820,213868,11820,167,38
20151126 14:41:53.000,11815,11900,11765,11820,213880,11820,167,32
20151126 14:41:53.000,11815,11900,11765,11820,213886,11820,167,29
20151126 14:41:55.000,11815,11900,11765,11820,213886,11820,167,39
20151126 14:41:55.000,11815,11900,11765,11820,213888,11820,167,40
20151126 14:41:58.000,11815,11900,11765,11820,213888,11820,158,40
20151126 14:42:00.000,11815,11900,11765,11820,213892,11820,158,38
20151126 14:42:00.000,11815,11900,11765,11820,213894,11815,157,42
20151126 14:42:02.000,11815,11900,11765,11820,213906,11820,157,40
20151126 14:42:10.000,11815,11900,11765,11820,213906,11820,158,40
20151126 14:42:15.000,11815,11900,11765,11820,213914,11820,158,40
20151126 14:42:18.000,11815,11900,11765,11820,213914,11820,158,41
20151126 14:42:19.000,11815,11900,11765,11820,213934,11820,158,31
20151126 14:42:22.000,11815,11900,11765,11820,213954,11815,148,31
20151126 14:42:23.000,11815,11900,11765,11820,213974,11815,144,31
20151126 14:42:27.000,11815,11900,11765,11820,213994,11815,134,31
20151126 14:42:28.000,11815,11900,11765,11820,213994,11815,134,34
20151126 14:42:29.000,11815,11900,11765,11820,213994,11815,134,59
20151126 14:42:31.000,11815,11900,11765,11820,213994,11815,134,105
20151126 14:42:32.000,11815,11900,11765,11820,213994,11815,134,108
20151126 14:42:34.000,11815,11900,11765,11820,213994,11815,133,110
20151126 14:42:38.000,11815,11900,11765,11820,213994,11815,127,110
20151126 14:42:39.000,11815,11900,11765,11820,214004,11820,127,106
20151126 14:42:40.000,11815,11900,11765,11820,214004,11820,126,106
20151126 14:42:42.000,11815,11900,11765,11820,214012,11815,123,106
20151126 14:42:43.000,11815,11900,11765,11820,214022,11820,123,101
20151126 14:42:50.000,11815,11900,11765,11820,214026,11815,121,101
20151126 14:42:54.000,11815,11900,11765,11820,214028,11820,121,100
20151126 14:42:55.000,11815,11900,11765,11820,214032,11815,119,100
20151126 14:42:58.000,11815,11900,11765,11820,214034,11815,118,100
20151126 14:42:59.000,11815,11900,11765,11820,214034,11815,118,101
20151126 14:43:03.000,11815,11900,11765,11820,214034,11815,122,101
20151126 14:43:03.000,11815,11900,11765,11820,214046,11820,121,96
20151126 14:43:04.000,11815,11900,11765,11820,214046,11820,121,97
20151126 14:43:05.000,11815,11900,11765,11820,214046,11820,121,99
20151126 14:43:05.000,11815,11900,11765,11820,214050,11820,121,97
20151126 14:43:08.000,11815,11900,11765,11820,214050,11820,121,107
20151126 14:43:09.000,11815,11900,11765,11820,214050,11820,122,107
20151126 14:43:11.000,11815,11900,11765,11820,214050,11820,122,108
20151126 14:43:13.000,11815,11900,11765,11820,214050,11820,134,108
20151126 14:43:13.000,11815,11900,11765,11820,214052,11815,133,108
20151126 14:43:24.000,11815,11900,11765,11820,214054,11820,133,107
20151126 14:43:28.000,11815,11900,11765,11820,214094,11815,113,107
20151126 14:43:33.000,11815,11900,11765,11820,214096,11815,112,107
20151126 14:43:37.000,11815,11900,11765,11820,214096,11815,118,107
20151126 14:43:40.000,11815,11900,11765,11820,214256,11815,41,107
20151126 14:43:41.000,11815,11900,11765,11820,214322,11815,10,107
20151126 14:43:41.000,11815,11900,11765,11820,214338,11815,2,99
20151126 14:43:42.000,11810,11900,11765,11815,214342,11815,146,25
20151126 14:43:44.000,11810,11900,11765,11815,214346,11815,146,23
20151126 14:43:47.000,11810,11900,11765,11815,214346,11815,146,24
20151126 14:43:49.000,11810,11900,11765,11815,214346,11815,146,35
20151126 14:43:51.000,11810,11900,11765,11815,214346,11815,141,35
20151126 14:43:54.000,11810,11900,11765,11815,214346,11815,135,35
20151126 14:43:59.000,11810,11900,11765,11820,214416,11815,137,101
20151126 14:44:00.000,11810,11900,11765,11820,214416,11815,137,102
20151126 14:44:03.000,11810,11900,11765,11820,214416,11815,138,102
20151126 14:44:07.000,11815,11900,11765,11820,214416,11815,68,102
20151126 14:44:08.000,11815,11900,11765,11820,214416,11815,89,102
20151126 14:44:09.000,11815,11900,11765,11820,214416,11815,109,102
20151126 14:44:12.000,11815,11900,11765,11820,214422,11815,106,102
20151126 14:44:13.000,11815,11900,11765,11820,214422,11815,71,102
20151126 14:44:18.000,11815,11900,11765,11820,214422,11815,81,102
20151126 14:44:19.000,11815,11900,11765,11820,214422,11815,116,102
20151126 14:44:21.000,11815,11900,11765,11820,214424,11815,115,102
20151126 14:44:22.000,11815,11900,11765,11820,214444,11820,116,92
20151126 14:44:23.000,11815,11900,11765,11820,214448,11815,114,93
20151126 14:44:27.000,11815,11900,11765,11820,214448,11815,119,93
20151126 14:44:28.000,11815,11900,11765,11820,214448,11815,119,94
20151126 14:44:30.000,11815,11900,11765,11820,214458,11820,119,89
20151126 14:44:31.000,11815,11900,11765,11820,214458,11820,120,91
20151126 14:44:32.000,11815,11900,11765,11820,214458,11820,120,94
20151126 14:44:34.000,11815,11900,11765,11820,214458,11820,120,95
20151126 14:44:37.000,11815,11900,11765,11820,214460,11820,120,94
20151126 14:44:41.000,11815,11900,11765,11820,214460,11820,126,94
20151126 14:44:46.000,11815,11900,11765,11820,214460,11820,127,94
20151126 14:44:46.000,11815,11900,11765,11820,214466,11820,127,91
20151126 14:44:53.000,11815,11900,11765,11820,214472,11820,127,88
20151126 14:44:57.000,11815,11900,11765,11820,214472,11820,132,88
20151126 14:45:03.000,11815,11900,11765,11820,214498,11820,132,75
20151126 14:45:04.000,11815,11900,11765,11820,214500,11820,132,74
20151126 14:45:05.000,11815,11900,11765,11820,214500,11820,134,74
20151126 14:45:05.000,11815,11900,11765,11820,214502,11820,134,73
20151126 14:45:06.000,11815,11900,11765,11820,214504,11820,134,72
20151126 14:45:06.000,11815,11900,11765,11820,214510,11815,131,72
20151126 14:45:09.000,11815,11900,11765,11820,214510,11815,131,74
20151126 14:45:11.000,11815,11900,11765,11820,214514,11815,94,74
20151126 14:45:12.000,11815,11900,11765,11820,214516,11815,93,74
20151126 14:45:16.000,11815,11900,11765,11820,214524,11820,93,70
20151126 14:45:19.000,11815,11900,11765,11820,214526,11820,93,70
20151126 14:45:21.000,11815,11900,11765,11820,214526,11820,94,70
20151126 14:45:22.000,11815,11900,11765,11820,214526,11820,96,70
20151126 14:45:22.000,11815,11900,11765,11820,214528,11820,97,69
20151126 14:45:25.000,11815,11900,11765,11820,214532,11815,95,69
20151126 14:45:29.000,11815,11900,11765,11820,214532,11815,95,70
20151126 14:45:31.000,11815,11900,11765,11820,214534,11815,94,70
20151126 14:45:34.000,11815,11900,11765,11820,214536,11815,92,70
20151126 14:45:37.000,11815,11900,11765,11820,214556,11815,75,70
20151126 14:45:39.000,11815,11900,11765,11820,214558,11815,74,70
20151126 14:45:40.000,11815,11900,11765,11820,214560,11815,73,70
20151126 14:45:41.000,11815,11900,11765,11820,214560,11815,74,70
20151126 14:45:43.000,11815,11900,11765,11820,214562,11815,73,70
20151126 14:45:43.000,11815,11900,11765,11820,214564,11815,72,70
20151126 14:45:44.000,11815,11900,11765,11820,214566,11815,71,90
20151126 14:45:45.000,11820,11900,11765,11825,214750,11820,9,268
20151126 14:45:46.000,11820,11900,11765,11825,214754,11820,7,268
20151126 14:45:46.000,11815,11900,11765,11820,214768,11820,72,2
20151126 14:45:47.000,11820,11900,11765,11825,214772,11820,5,268
20151126 14:45:49.000,11820,11900,11765,11825,214776,11820,3,268
20151126 14:45:50.000,11820,11900,11765,11825,214778,11820,2,268
20151126 14:45:50.000,11815,11900,11765,11825,214782,11820,72,268
20151126 14:45:52.000,11815,11900,11765,11825,214782,11820,78,268
20151126 14:45:53.000,11815,11900,11765,11820,214782,11820,78,30
20151126 14:45:54.000,11815,11900,11765,11820,214782,11820,72,31
20151126 14:45:55.000,11815,11900,11765,11820,214782,11820,73,31
20151126 14:45:56.000,11815,11900,11765,11820,214782,11820,73,33
20151126 14:45:56.000,11815,11900,11765,11820,214786,11820,73,31
20151126 14:45:57.000,11815,11900,11765,11820,214806,11815,63,31
20151126 14:46:00.000,11815,11900,11765,11820,214806,11815,63,39
20151126 14:46:02.000,11815,11900,11765,11820,214806,11815,85,40
20151126 14:46:03.000,11815,11900,11765,11820,214806,11815,91,50
20151126 14:46:05.000,11815,11900,11765,11820,214806,11815,92,50
20151126 14:46:06.000,11815,11900,11765,11820,214808,11820,92,49
20151126 14:46:07.000,11815,11900,11765,11820,214808,11820,92,51
20151126 14:46:08.000,11815,11900,11765,11820,214808,11820,92,53
20151126 14:46:09.000,11815,11900,11765,11820,214808,11820,92,56
20151126 14:46:11.000,11815,11900,11765,11820,214808,11820,92,57
20151126 14:46:13.000,11815,11900,11765,11820,214808,11820,93,57
20151126 14:46:16.000,11815,11900,11765,11820,214808,11820,93,58
20151126 14:46:19.000,11815,11900,11765,11820,214808,11820,93,59
20151126 14:46:21.000,11815,11900,11765,11820,214808,11820,93,66
20151126 14:46:25.000,11815,11900,11765,11820,214808,11820,93,68
20151126 14:46:26.000,11815,11900,11765,11820,214808,11820,99,68
20151126 14:46:35.000,11815,11900,11765,11820,214828,11820,99,42
20151126 14:46:36.000,11815,11900,11765,11820,214830,11815,98,42
20151126 14:46:40.000,11815,11900,11765,11820,214830,11815,104,42
20151126 14:46:42.000,11815,11900,11765,11820,214830,11815,104,44
20151126 14:46:42.000,11815,11900,11765,11820,214832,11820,104,43
20151126 14:46:44.000,11815,11900,11765,11820,214834,11815,103,43
20151126 14:46:46.000,11815,11900,11765,11820,214838,11815,101,43
20151126 14:46:47.000,11815,11900,11765,11820,214838,11815,101,73
20151126 14:46:52.000,11815,11900,11765,11820,214838,11815,101,74
20151126 14:46:54.000,11815,11900,11765,11820,214838,11815,111,75
20151126 14:46:58.000,11815,11900,11765,11820,214838,11815,131,75
20151126 14:47:00.000,11815,11900,11765,11820,214838,11815,131,76
20151126 14:47:01.000,11815,11900,11765,11820,214848,11815,126,76
20151126 14:47:02.000,11815,11900,11765,11820,214848,11815,126,77
20151126 14:47:04.000,11815,11900,11765,11820,214848,11815,116,77
20151126 14:47:08.000,11815,11900,11765,11820,214848,11815,110,77
20151126 14:47:09.000,11815,11900,11765,11820,214848,11815,111,77
20151126 14:47:14.000,11815,11900,11765,11820,214848,11815,111,78
20151126 14:47:16.000,11815,11900,11765,11820,214848,11815,105,78
20151126 14:47:22.000,11815,11900,11765,11820,214848,11815,140,108
20151126 14:47:27.000,11815,11900,11765,11820,214848,11815,190,108
20151126 14:47:33.000,11815,11900,11765,11820,214848,11815,240,108
20151126 14:47:35.000,11815,11900,11765,11820,214900,11820,240,82
20151126 14:47:36.000,11815,11900,11765,11820,214900,11820,240,83
20151126 14:47:36.000,11815,11900,11765,11820,214998,11820,240,34
20151126 14:47:37.000,11815,11900,11765,11820,214998,11820,218,34
20151126 14:47:37.000,11815,11900,11765,11825,215076,11820,213,275
20151126 14:47:38.000,11815,11900,11765,11825,215096,11820,178,275
20151126 14:47:39.000,11820,11900,11765,11825,215096,11820,62,275
20151126 14:47:41.000,11820,11900,11765,11825,215096,11820,62,250
20151126 14:47:42.000,11820,11900,11765,11825,215096,11820,62,225
20151126 14:47:44.000,11820,11900,11765,11825,215098,11820,26,225
20151126 14:47:45.000,11820,11900,11765,11825,215098,11820,26,215
20151126 14:47:48.000,11820,11900,11765,11825,215098,11820,29,215
20151126 14:47:49.000,11820,11900,11765,11825,215098,11820,29,217
20151126 14:47:49.000,11820,11900,11765,11825,215102,11820,27,217
20151126 14:47:50.000,11820,11900,11765,11825,215112,11825,26,213
20151126 14:47:50.000,11820,11900,11765,11825,215114,11825,26,212
20151126 14:47:52.000,11820,11900,11765,11825,215124,11825,26,207
20151126 14:47:54.000,11820,11900,11765,11825,215124,11825,23,207
20151126 14:47:54.000,11820,11900,11765,11825,215126,11825,23,206
20151126 14:47:55.000,11820,11900,11765,11825,215130,11820,21,206
20151126 14:47:56.000,11820,11900,11765,11825,215134,11820,21,206
20151126 14:47:57.000,11820,11900,11765,11825,215154,11820,11,206
20151126 14:47:59.000,11820,11900,11765,11825,215156,11820,10,207
20151126 14:48:00.000,11820,11900,11765,11825,215156,11820,10,208
20151126 14:48:01.000,11820,11900,11765,11825,215156,11820,10,178
20151126 14:48:02.000,11820,11900,11765,11825,215156,11820,46,178
20151126 14:48:03.000,11820,11900,11765,11825,215156,11820,126,189
20151126 14:48:04.000,11820,11900,11765,11825,215156,11820,91,189
20151126 14:48:07.000,11820,11900,11765,11825,215156,11820,99,189
20151126 14:48:08.000,11820,11900,11765,11825,215158,11820,98,189
20151126 14:48:08.000,11820,11900,11765,11825,215168,11820,93,189
20151126 14:48:11.000,11820,11900,11765,11825,215168,11820,93,188
20151126 14:48:12.000,11820,11900,11765,11825,215170,11825,93,187
20151126 14:48:14.000,11820,11900,11765,11825,215172,11825,130,186
20151126 14:48:14.000,11820,11900,11765,11825,215174,11825,130,186
20151126 14:48:16.000,11820,11900,11765,11825,215176,11820,129,186
20151126 14:48:17.000,11820,11900,11765,11825,215196,11820,84,186
20151126 14:48:20.000,11820,11900,11765,11825,215196,11820,87,186
20151126 14:48:23.000,11820,11900,11765,11825,215294,11820,38,186
20151126 14:48:24.000,11820,11900,11765,11825,215294,11820,39,186
20151126 14:48:25.000,11820,11900,11765,11825,215294,11820,39,187
20151126 14:48:25.000,11820,11900,11765,11825,215300,11820,38,187
20151126 14:48:26.000,11820,11900,11765,11825,215322,11820,27,187
20151126 14:48:28.000,11820,11900,11765,11825,215362,11820,7,187
20151126 14:48:29.000,11815,11900,11765,11820,215376,11820,186,4
20151126 14:48:30.000,11815,11900,11765,11820,215378,11820,186,8
20151126 14:48:31.000,11815,11900,11765,11820,215378,11820,186,9
20151126 14:48:33.000,11815,11900,11765,11820,215380,11820,186,8
20151126 14:48:34.000,11815,11900,11765,11820,215416,11815,168,8
20151126 14:48:36.000,11815,11900,11765,11820,215416,11815,169,9
20151126 14:48:37.000,11815,11900,11765,11820,215416,11815,168,10
20151126 14:48:38.000,11815,11900,11765,11820,215416,11815,168,17
20151126 14:48:39.000,11815,11900,11765,11820,215416,11815,167,19
20151126 14:48:41.000,11815,11900,11765,11820,215416,11815,167,20
20151126 14:48:42.000,11815,11900,11765,11820,215416,11815,167,23
20151126 14:48:43.000,11815,11900,11765,11820,215418,11820,167,23
20151126 14:48:43.000,11815,11900,11765,11820,215420,11820,167,48
20151126 14:48:44.000,11815,11900,11765,11820,215420,11820,161,48
20151126 14:48:45.000,11815,11900,11765,11820,215420,11820,161,64
20151126 14:48:47.000,11815,11900,11765,11820,215420,11820,161,89
20151126 14:48:50.000,11815,11900,11765,11820,215420,11820,161,88
20151126 14:48:52.000,11815,11900,11765,11820,215420,11820,161,90
20151126 14:48:54.000,11815,11900,11765,11820,215420,11820,161,100
20151126 14:48:56.000,11815,11900,11765,11820,215420,11820,161,103
20151126 14:48:59.000,11815,11900,11765,11820,215420,11820,163,103
20151126 14:48:59.000,11815,11900,11765,11820,215422,11820,163,102
20151126 14:49:03.000,11815,11900,11765,11820,215424,11815,162,102
20151126 14:49:06.000,11815,11900,11765,11820,215624,11815,62,102
20151126 14:49:07.000,11815,11900,11765,11820,215624,11815,62,112
20151126 14:49:08.000,11815,11900,11765,11820,215664,11815,42,112
20151126 14:49:09.000,11815,11900,11765,11820,215664,11815,44,114
20151126 14:49:11.000,11815,11900,11765,11820,215664,11815,44,113
20151126 14:49:14.000,11815,11900,11765,11820,215664,11815,44,114
20151126 14:49:15.000,11815,11900,11765,11820,215664,11815,44,115
20151126 14:49:18.000,11815,11900,11765,11820,215716,11815,18,90
20151126 14:49:19.000,11810,11900,11765,11815,215752,11815,396,33
20151126 14:49:20.000,11810,11900,11765,11815,215752,11815,396,68
20151126 14:49:21.000,11810,11900,11765,11815,215752,11815,394,69
20151126 14:49:24.000,11810,11900,11765,11815,215752,11815,394,89
20151126 14:49:25.000,11810,11900,11765,11815,215752,11815,394,91
20151126 14:49:27.000,11810,11900,11765,11815,215754,11810,393,91
20151126 14:49:28.000,11810,11900,11765,11815,215754,11810,395,91
20151126 14:49:29.000,11810,11900,11765,11815,215760,11810,394,89
20151126 14:49:30.000,11810,11900,11765,11815,215762,11810,393,89
20151126 14:49:34.000,11810,11900,11765,11815,215762,11810,393,88
20151126 14:49:35.000,11810,11900,11765,11815,215762,11810,393,89
20151126 14:49:35.000,11810,11900,11765,11815,215764,11815,393,88
20151126 14:49:37.000,11810,11900,11765,11815,215766,11810,392,89
20151126 14:49:38.000,11810,11900,11765,11815,215836,11810,362,84
20151126 14:49:39.000,11810,11900,11765,11815,215836,11810,362,87
20151126 14:49:41.000,11810,11900,11765,11815,215836,11810,362,93
20151126 14:49:44.000,11810,11900,11765,11815,215838,11810,361,93
20151126 14:49:47.000,11810,11900,11765,11815,215840,11810,360,93
20151126 14:49:49.000,11810,11900,11765,11815,215840,11810,360,94
20151126 14:49:51.000,11810,11900,11765,11815,215840,11810,361,94
20151126 14:49:51.000,11810,11900,11765,11815,215872,11810,345,104
20151126 14:49:52.000,11810,11900,11765,11815,215872,11810,348,105
20151126 14:49:55.000,11810,11900,11765,11815,215924,11810,322,108
20151126 14:49:56.000,11810,11900,11765,11815,215926,11810,321,108
20151126 14:49:57.000,11810,11900,11765,11815,215936,11810,316,108
20151126 14:49:58.000,11810,11900,11765,11815,215936,11810,320,108
20151126 14:50:00.000,11810,11900,11765,11815,215940,11810,318,108
20151126 14:50:01.000,11810,11900,11765,11815,215940,11810,319,108
20151126 14:50:02.000,11810,11900,11765,11815,215940,11810,335,108
20151126 14:50:04.000,11810,11900,11765,11815,215944,11810,333,109
20151126 14:50:10.000,11810,11900,11765,11815,215956,11810,327,109
20151126 14:50:11.000,11810,11900,11765,11815,215956,11810,327,99
20151126 14:50:11.000,11810,11900,11765,11815,215958,11815,327,99
20151126 14:50:14.000,11810,11900,11765,11815,215958,11815,327,107
20151126 14:50:14.000,11810,11900,11765,11815,215960,11815,327,106
20151126 14:50:15.000,11810,11900,11765,11815,215960,11815,327,107
20151126 14:50:16.000,11810,11900,11765,11815,215990,11810,312,107
20151126 14:50:18.000,11810,11900,11765,11815,215990,11810,314,107
20151126 14:50:21.000,11810,11900,11765,11815,215990,11810,314,119
20151126 14:50:26.000,11810,11900,11765,11815,215994,11810,312,124
20151126 14:50:27.000,11810,11900,11765,11815,215994,11810,312,131
20151126 14:50:31.000,11810,11900,11765,11815,215994,11810,312,143
20151126 14:50:32.000,11810,11900,11765,11815,215998,11815,313,141
20151126 14:50:33.000,11810,11900,11765,11815,216018,11810,303,141
20151126 14:50:34.000,11810,11900,11765,11815,216018,11810,304,141
20151126 14:50:34.000,11810,11900,11765,11815,216020,11810,303,141
20151126 14:50:36.000,11810,11900,11765,11815,216020,11810,303,139
20151126 14:50:37.000,11810,11900,11765,11815,216046,11810,295,134
20151126 14:50:38.000,11810,11900,11765,11815,216046,11810,315,134
20151126 14:50:39.000,11810,11900,11765,11815,216050,11810,313,134
20151126 14:50:39.000,11810,11900,11765,11815,216060,11810,308,134
20151126 14:50:40.000,11810,11900,11765,11815,216066,11810,305,134
20151126 14:50:42.000,11810,11900,11765,11815,216068,11810,304,134
20151126 14:50:43.000,11810,11900,11765,11815,216072,11815,304,142
20151126 14:50:45.000,11810,11900,11765,11815,216072,11815,314,142
20151126 14:50:45.000,11810,11900,11765,11815,216132,11810,284,142
20151126 14:50:46.000,11810,11900,11765,11815,216132,11810,284,239
20151126 14:50:48.000,11810,11900,11765,11815,216212,11810,254,239
20151126 14:50:48.000,11810,11900,11765,11815,216216,11810,252,239
20151126 14:50:48.000,11810,11900,11765,11815,216240,11810,240,239
20151126 14:50:49.000,11810,11900,11765,11815,216242,11810,241,239
20151126 14:50:50.000,11810,11900,11765,11815,216252,11810,236,239
20151126 14:50:51.000,11810,11900,11765,11815,216264,11810,230,239
20151126 14:50:52.000,11810,11900,11765,11815,216266,11810,229,139
20151126 14:50:52.000,11810,11900,11765,11815,216270,11810,227,139
20151126 14:50:54.000,11810,11900,11765,11815,216276,11810,224,139
20151126 14:50:55.000,11810,11900,11765,11815,216276,11810,224,140
20151126 14:50:56.000,11810,11900,11765,11815,216276,11810,224,150
20151126 14:50:58.000,11810,11900,11765,11815,216276,11810,224,145
20151126 14:50:58.000,11810,11900,11765,11815,216376,11810,174,145
20151126 14:50:59.000,11810,11900,11765,11815,216378,11810,173,145
20151126 14:51:00.000,11810,11900,11765,11815,216480,11815,123,144
20151126 14:51:01.000,11810,11900,11765,11815,216560,11810,83,144
20151126 14:51:02.000,11810,11900,11765,11815,216688,11810,29,150
20151126 14:51:02.000,11805,11900,11765,11815,216746,11810,264,150
20151126 14:51:03.000,11805,11900,11765,11810,216748,11810,253,2
20151126 14:51:04.000,11805,11900,11765,11810,216748,11810,253,7
20151126 14:51:05.000,11805,11900,11765,11810,216748,11810,253,11
20151126 14:51:05.000,11805,11900,11765,11810,216752,11805,251,11
20151126 14:51:06.000,11810,11900,11765,11815,216774,11810,25,141
20151126 14:51:09.000,11810,11900,11765,11815,216774,11810,26,142
20151126 14:51:12.000,11810,11900,11765,11815,216792,11810,17,140
20151126 14:51:12.000,11810,11900,11765,11815,216794,11810,16,140
20151126 14:51:15.000,11810,11900,11765,11815,216796,11810,15,140
20151126 14:51:16.000,11810,11900,11765,11815,216798,11810,16,134
20151126 14:51:18.000,11805,11900,11765,11810,216830,11810,254,5
20151126 14:51:19.000,11805,11900,11765,11810,216830,11810,254,13
20151126 14:51:20.000,11805,11900,11765,11810,216832,11810,258,14
20151126 14:51:21.000,11805,11900,11765,11810,216834,11810,258,16
20151126 14:51:22.000,11805,11900,11765,11810,216836,11810,258,16
20151126 14:51:22.000,11805,11900,11765,11810,216888,11805,242,16
20151126 14:51:23.000,11805,11900,11765,11810,216888,11805,244,16
20151126 14:51:24.000,11805,11900,11765,11810,216898,11810,244,11
20151126 14:51:25.000,11805,11900,11765,11810,216898,11810,232,125
20151126 14:51:26.000,11805,11900,11765,11810,216904,11810,232,122
20151126 14:51:27.000,11805,11900,11765,11810,216904,11810,382,122
20151126 14:51:27.000,11805,11900,11765,11810,216906,11805,382,126
20151126 14:51:28.000,11805,11900,11765,11810,216932,11805,386,126
20151126 14:51:28.000,11805,11900,11765,11810,216934,11810,386,125
20151126 14:51:30.000,11805,11900,11765,11810,216940,11810,384,131
20151126 14:51:34.000,11805,11900,11765,11810,216942,11810,585,131
20151126 14:51:36.000,11805,11900,11765,11810,216942,11810,581,139
20151126 14:51:39.000,11805,11900,11765,11810,216948,11810,583,137
20151126 14:51:41.000,11805,11900,11765,11810,216948,11810,581,137
20151126 14:51:42.000,11805,11900,11765,11810,216950,11810,581,137
20151126 14:51:43.000,11805,11900,11765,11810,216950,11810,581,129
20151126 14:51:44.000,11805,11900,11765,11810,216950,11810,581,149
20151126 14:51:45.000,11805,11900,11765,11810,216950,11810,581,150
20151126 14:51:47.000,11805,11900,11765,11810,216956,11810,581,147
20151126 14:51:48.000,11805,11900,11765,11810,216996,11810,581,127
20151126 14:51:49.000,11805,11900,11765,11810,217036,11810,581,107
20151126 14:51:50.000,11805,11900,11765,11810,217076,11810,581,87
20151126 14:51:50.000,11805,11900,11765,11810,217078,11810,581,86
20151126 14:51:51.000,11805,11900,11765,11810,217120,11810,581,66
20151126 14:51:52.000,11805,11900,11765,11815,217252,11810,581,102
20151126 14:51:53.000,11810,11900,11765,11815,217280,11810,70,102
20151126 14:51:54.000,11810,11900,11765,11815,217280,11810,74,101
20151126 14:51:55.000,11810,11900,11765,11815,217280,11810,76,101
20151126 14:51:56.000,11810,11900,11765,11815,217284,11810,79,101
20151126 14:51:57.000,11810,11900,11765,11815,217324,11810,67,101
20151126 14:51:58.000,11810,11900,11765,11815,217324,11810,82,101
20151126 14:51:59.000,11810,11900,11765,11815,217324,11810,83,101
20151126 14:52:00.000,11810,11900,11765,11815,217324,11810,84,101
20151126 14:52:01.000,11810,11900,11765,11815,217326,11810,83,101
20151126 14:52:02.000,11810,11900,11765,11815,217326,11810,82,101
20151126 14:52:02.000,11810,11900,11765,11815,217328,11810,80,101
20151126 14:52:04.000,11810,11900,11765,11815,217344,11810,74,100
20151126 14:52:06.000,11810,11900,11765,11815,217344,11810,84,100
20151126 14:52:07.000,11810,11900,11765,11815,217344,11810,84,120
20151126 14:52:08.000,11810,11900,11765,11815,217344,11810,85,120
20151126 14:52:10.000,11810,11900,11765,11815,217344,11810,87,120
20151126 14:52:12.000,11810,11900,11765,11815,217344,11810,88,122
20151126 14:52:15.000,11810,11900,11765,11815,217344,11810,169,122
20151126 14:52:16.000,11810,11900,11765,11815,217344,11810,179,122
20151126 14:52:16.000,11810,11900,11765,11815,217360,11810,171,122
20151126 14:52:18.000,11810,11900,11765,11815,217360,11810,174,122
20151126 14:52:21.000,11810,11900,11765,11815,217366,11810,172,122
20151126 14:52:22.000,11810,11900,11765,11815,217366,11810,174,122
20151126 14:52:22.000,11810,11900,11765,11815,217370,11815,174,120
20151126 14:52:23.000,11810,11900,11765,11815,217374,11810,172,121
20151126 14:52:25.000,11810,11900,11765,11815,217382,11810,168,121
20151126 14:52:26.000,11810,11900,11765,11815,217390,11810,164,121
20151126 14:52:27.000,11810,11900,11765,11815,217390,11810,164,125
20151126 14:52:30.000,11810,11900,11765,11815,217400,11810,159,125
20151126 14:52:31.000,11810,11900,11765,11815,217400,11810,159,126
20151126 14:52:33.000,11810,11900,11765,11815,217406,11815,159,123
20151126 14:52:34.000,11810,11900,11765,11815,217406,11815,165,123
20151126 14:52:35.000,11810,11900,11765,11815,217406,11815,167,123
20151126 14:52:36.000,11810,11900,11765,11815,217406,11815,172,123
20151126 14:52:36.000,11810,11900,11765,11815,217410,11810,170,123
20151126 14:52:42.000,11810,11900,11765,11815,217412,11810,169,123
20151126 14:52:43.000,11810,11900,11765,11815,217480,11810,136,123
20151126 14:52:47.000,11810,11900,11765,11815,217482,11810,137,128
20151126 14:52:47.000,11810,11900,11765,11815,217504,11810,126,128
20151126 14:52:48.000,11810,11900,11765,11815,217504,11810,128,128
20151126 14:52:49.000,11810,11900,11765,11815,217506,11815,128,127
20151126 14:52:49.000,11810,11900,11765,11815,217516,11815,128,122
20151126 14:52:51.000,11810,11900,11765,11815,217516,11815,128,123
20151126 14:52:53.000,11810,11900,11765,11815,217516,11815,128,122
20151126 14:52:54.000,11805,11900,11765,11810,217772,11810,597,473
20151126 14:52:56.000,11805,11900,11765,11810,217772,11810,594,473
20151126 14:52:57.000,11805,11900,11765,11810,217774,11805,593,473
20151126 14:52:58.000,11805,11900,11765,11810,217774,11805,590,473
20151126 14:53:01.000,11805,11900,11765,11810,217776,11805,589,473
20151126 14:53:02.000,11805,11900,11765,11810,217782,11810,589,475
20151126 14:53:04.000,11805,11900,11765,11810,217786,11805,585,475
20151126 14:53:04.000,11805,11900,11765,11810,217792,11810,585,472
20151126 14:53:05.000,11805,11900,11765,11810,217792,11810,565,472
20151126 14:53:06.000,11805,11900,11765,11810,217798,11805,562,472
20151126 14:53:07.000,11805,11900,11765,11810,217798,11805,542,472
20151126 14:53:07.000,11805,11900,11765,11810,217806,11810,502,468
20151126 14:53:08.000,11805,11900,11765,11810,217806,11810,500,469
20151126 14:53:09.000,11805,11900,11765,11810,217808,11805,499,469
20151126 14:53:09.000,11805,11900,11765,11810,217810,11805,498,469
20151126 14:53:10.000,11805,11900,11765,11810,217820,11805,493,469
20151126 14:53:10.000,11805,11900,11765,11810,217828,11805,489,469
20151126 14:53:11.000,11805,11900,11765,11810,217828,11805,533,470
20151126 14:53:12.000,11805,11900,11765,11810,217830,11805,532,470
20151126 14:53:13.000,11805,11900,11765,11810,217832,11805,533,469
20151126 14:53:13.000,11805,11900,11765,11810,217834,11805,532,477
20151126 14:53:16.000,11805,11900,11765,11810,217836,11810,532,476
20151126 14:53:16.000,11805,11900,11765,11810,217838,11810,532,475
20151126 14:53:18.000,11805,11900,11765,11810,217838,11810,536,475
20151126 14:53:18.000,11805,11900,11765,11810,217858,11810,536,465
20151126 14:53:22.000,11805,11900,11765,11810,217858,11810,536,485
20151126 14:53:22.000,11805,11900,11765,11810,217914,11805,528,465
20151126 14:53:23.000,11805,11900,11765,11810,217914,11805,529,465
20151126 14:53:24.000,11805,11900,11765,11810,217916,11805,528,465
20151126 14:53:24.000,11805,11900,11765,11810,217918,11810,528,464
20151126 14:53:25.000,11805,11900,11765,11810,217934,11805,520,464
20151126 14:53:26.000,11805,11900,11765,11810,218014,11810,501,444
20151126 14:53:26.000,11805,11900,11765,11810,218046,11805,485,444
20151126 14:53:28.000,11805,11900,11765,11810,218046,11805,485,446
20151126 14:53:30.000,11805,11900,11765,11810,218066,11810,485,436
20151126 14:53:31.000,11805,11900,11765,11810,218066,11810,487,436
20151126 14:53:33.000,11805,11900,11765,11810,218066,11810,488,436
20151126 14:53:34.000,11805,11900,11765,11810,218466,11805,341,436
20151126 14:53:35.000,11805,11900,11765,11810,218468,11805,341,436
20151126 14:53:36.000,11805,11900,11765,11810,218470,11805,340,436
20151126 14:53:37.000,11805,11900,11765,11810,218472,11805,339,436
20151126 14:53:39.000,11805,11900,11765,11810,218472,11805,339,437
20151126 14:53:41.000,11805,11900,11765,11810,218472,11805,339,440
20151126 14:53:43.000,11805,11900,11765,11810,218472,11805,339,444
20151126 14:53:44.000,11805,11900,11765,11810,218542,11805,304,444
20151126 14:53:45.000,11805,11900,11765,11810,218552,11805,299,447
20151126 14:53:47.000,11805,11900,11765,11810,218556,11805,297,447
20151126 14:53:47.000,11805,11900,11765,11810,218576,11805,287,447
20151126 14:53:48.000,11805,11900,11765,11810,218578,11805,286,448
20151126 14:53:49.000,11805,11900,11765,11810,218582,11810,285,446
20151126 14:53:50.000,11805,11900,11765,11810,218606,11805,273,448
20151126 14:53:51.000,11805,11900,11765,11810,218620,11805,266,449
20151126 14:53:51.000,11805,11900,11765,11810,218622,11805,265,449
20151126 14:53:52.000,11805,11900,11765,11810,218912,11805,120,450
20151126 14:53:53.000,11805,11900,11765,11810,218952,11805,100,487
20151126 14:53:53.000,11800,11900,11765,11805,219154,11805,1159,16
20151126 14:53:54.000,11805,11900,11765,11810,219226,11805,52,448
20151126 14:53:54.000,11805,11900,11765,11810,219248,11805,61,438
20151126 14:53:55.000,11805,11900,11765,11810,219270,11805,50,438
20151126 14:53:55.000,11805,11900,11765,11810,219278,11805,66,428
20151126 14:53:56.000,11805,11900,11765,11810,219282,11805,64,428
20151126 14:53:57.000,11805,11900,11765,11810,219282,11805,64,433
20151126 14:53:58.000,11805,11900,11765,11810,219284,11805,63,433
20151126 14:53:58.000,11805,11900,11765,11810,219324,11805,43,433
20151126 14:53:59.000,11805,11900,11765,11810,219326,11805,42,433
20151126 14:54:00.000,11800,11900,11765,11805,219370,11805,1158,154
20151126 14:54:01.000,11800,11900,11765,11805,219370,11805,1159,214
20151126 14:54:02.000,11800,11900,11765,11805,219870,11800,909,214
20151126 14:54:03.000,11800,11900,11765,11805,219870,11800,909,218
20151126 14:54:04.000,11800,11900,11765,11805,219878,11800,906,228
20151126 14:54:05.000,11800,11900,11765,11805,219878,11800,906,250
20151126 14:54:05.000,11800,11900,11765,11805,219978,11800,856,271
20151126 14:54:06.000,11800,11900,11765,11805,219982,11805,855,270
20151126 14:54:07.000,11800,11900,11765,11805,219982,11805,855,271
20151126 14:54:08.000,11800,11900,11765,11805,219982,11805,856,273
20151126 14:54:09.000,11800,11900,11765,11805,220086,11805,806,271
20151126 14:54:10.000,11800,11900,11765,11805,220100,11800,799,280
20151126 14:54:11.000,11800,11900,11765,11805,220122,11805,798,272
20151126 14:54:12.000,11800,11900,11765,11805,220126,11800,791,277
20151126 14:54:13.000,11800,11900,11765,11805,220126,11800,790,277
20151126 14:54:14.000,11800,11900,11765,11805,220250,11800,727,277
20151126 14:54:15.000,11800,11900,11765,11805,220292,11805,707,279
20151126 14:54:16.000,11800,11900,11765,11805,220314,11800,697,279
20151126 14:54:17.000,11800,11900,11765,11805,220414,11800,647,280
20151126 14:54:17.000,11800,11900,11765,11805,220420,11800,646,279
20151126 14:54:18.000,11800,11900,11765,11805,220420,11800,646,280
20151126 14:54:19.000,11800,11900,11765,11805,220434,11800,639,284
20151126 14:54:19.000,11800,11900,11765,11805,220538,11800,587,284
20151126 14:54:20.000,11800,11900,11765,11805,220742,11800,485,284
20151126 14:54:21.000,11800,11900,11765,11805,220764,11805,484,274
20151126 14:54:21.000,11800,11900,11765,11805,220804,11800,464,274
20151126 14:54:22.000,11800,11900,11765,11805,221004,11800,363,274
20151126 14:54:23.000,11800,11900,11765,11805,221058,11800,333,328
20151126 14:54:23.000,11800,11900,11765,11805,221066,11800,329,328
20151126 14:54:23.000,11800,11900,11765,11805,221162,11800,324,280
20151126 14:54:24.000,11800,11900,11765,11805,221170,11800,320,280
20151126 14:54:25.000,11800,11900,11765,11805,221170,11800,330,280
20151126 14:54:26.000,11800,11900,11765,11805,221184,11800,324,280
20151126 14:54:26.000,11800,11900,11765,11805,221186,11800,323,280
20151126 14:54:27.000,11800,11900,11765,11805,221188,11800,322,282
20151126 14:54:27.000,11800,11900,11765,11805,221202,11800,315,282
20151126 14:54:27.000,11800,11900,11765,11805,221204,11800,314,282
20151126 14:54:28.000,11800,11900,11765,11805,221220,11800,306,282
20151126 14:54:29.000,11800,11900,11765,11805,221268,11800,282,282
20151126 14:54:30.000,11800,11900,11765,11805,221270,11805,283,280
20151126 14:54:30.000,11800,11900,11765,11805,221280,11800,298,281
20151126 14:54:31.000,11800,11900,11765,11805,221280,11800,299,281
20151126 14:54:32.000,11800,11900,11765,11805,221282,11800,333,283
20151126 14:54:33.000,11800,11900,11765,11805,221282,11800,333,282
20151126 14:54:33.000,11800,11900,11765,11805,221294,11800,328,283
20151126 14:54:34.000,11800,11900,11765,11805,221296,11800,327,283
20151126 14:54:35.000,11800,11900,11765,11805,221564,11800,196,285
20151126 14:54:36.000,11800,11900,11765,11805,221566,11805,196,288
20151126 14:54:36.000,11800,11900,11765,11805,221568,11800,196,288
20151126 14:54:36.000,11800,11900,11765,11805,221576,11800,193,288
20151126 14:54:38.000,11800,11900,11765,11805,221580,11800,191,288
20151126 14:54:38.000,11800,11900,11765,11805,221584,11800,189,288
20151126 14:54:39.000,11800,11900,11765,11805,221654,11805,155,253
20151126 14:54:39.000,11800,11900,11765,11805,221820,11800,80,257
20151126 14:54:40.000,11800,11900,11765,11805,221830,11800,81,292
20151126 14:54:40.000,11800,11900,11765,11805,221842,11800,75,293
20151126 14:54:41.000,11795,11900,11765,11800,221992,11800,646,39
20151126 14:54:41.000,11795,11900,11765,11800,222076,11795,622,49
20151126 14:54:42.000,11795,11900,11765,11800,222174,11795,573,58
20151126 14:54:42.000,11795,11900,11765,11800,222242,11795,539,59
20151126 14:54:43.000,11795,11900,11765,11800,222246,11800,540,59
20151126 14:54:44.000,11795,11900,11765,11800,222256,11795,535,59
20151126 14:54:44.000,11795,11900,11765,11800,222266,11795,530,70
20151126 14:54:45.000,11795,11900,11765,11800,222268,11795,529,70
20151126 14:54:45.000,11795,11900,11765,11800,222324,11800,523,53
20151126 14:54:46.000,11795,11900,11765,11800,222324,11800,523,47
20151126 14:54:46.000,11795,11900,11765,11800,222328,11800,523,45
20151126 14:54:47.000,11800,11900,11765,11805,222420,11800,60,279
20151126 14:54:47.000,11800,11900,11765,11805,222430,11800,80,279
20151126 14:54:47.000,11800,11900,11765,11805,222530,11800,54,279
20151126 14:54:49.000,11800,11900,11765,11805,222532,11800,58,283
20151126 14:54:50.000,11800,11900,11765,11805,222536,11800,58,283
20151126 14:54:50.000,11800,11900,11765,11805,222548,11800,53,283
20151126 14:54:50.000,11800,11900,11765,11805,222552,11800,51,303
20151126 14:54:51.000,11800,11900,11765,11805,222552,11800,53,303
20151126 14:54:52.000,11800,11900,11765,11805,222564,11800,48,303
20151126 14:54:53.000,11800,11900,11765,11805,222564,11800,51,303
20151126 14:54:53.000,11800,11900,11765,11805,222614,11800,26,303
20151126 14:54:54.000,11800,11900,11765,11805,222618,11800,24,303
20151126 14:54:54.000,11800,11900,11765,11805,222632,11800,18,303
20151126 14:54:55.000,11800,11900,11765,11805,222632,11800,19,304
20151126 14:54:55.000,11800,11900,11765,11805,222634,11800,18,304
20151126 14:54:56.000,11795,11900,11765,11805,222672,11800,527,305
20151126 14:54:57.000,11795,11900,11765,11800,222672,11800,531,6
20151126 14:54:57.000,11795,11900,11765,11800,222674,11800,531,7
20151126 14:54:57.000,11795,11900,11765,11800,222686,11800,526,8
20151126 14:54:59.000,11795,11900,11765,11800,222696,11795,521,9
20151126 14:54:59.000,11800,11900,11765,11805,222736,11800,15,302
20151126 14:55:00.000,11800,11900,11765,11805,222746,11800,13,302
20151126 14:55:01.000,11800,11900,11765,11805,222778,11800,12,302
20151126 14:55:01.000,11800,11900,11765,11805,222780,11800,11,302
20151126 14:55:02.000,11800,11900,11765,11805,222794,11800,20,298
20151126 14:55:02.000,11800,11900,11765,11805,222802,11800,15,298
20151126 14:55:03.000,11800,11900,11765,11805,222818,11800,9,300
20151126 14:55:03.000,11800,11900,11765,11805,222828,11800,29,300
20151126 14:55:04.000,11800,11900,11765,11805,222850,11800,19,300
20151126 14:55:04.000,11795,11900,11765,11800,222892,11800,511,85
20151126 14:55:05.000,11795,11900,11765,11800,222892,11800,511,88
20151126 14:55:05.000,11795,11900,11765,11800,222900,11795,507,89
20151126 14:55:06.000,11795,11900,11765,11800,222922,11800,501,98
20151126 14:55:06.000,11795,11900,11765,11800,223028,11795,488,69
20151126 14:55:07.000,11795,11900,11765,11800,223038,11795,483,70
20151126 14:55:07.000,11795,11900,11765,11800,223048,11795,478,76
20151126 14:55:08.000,11795,11900,11765,11800,223068,11800,473,71
20151126 14:55:08.000,11795,11900,11765,11800,223078,11795,468,71
20151126 14:55:09.000,11795,11900,11765,11800,223102,11795,456,71
20151126 14:55:09.000,11795,11900,11765,11800,223302,11795,356,71
20151126 14:55:10.000,11795,11900,11765,11800,223304,11800,356,79
20151126 14:55:10.000,11795,11900,11765,11800,223306,11795,356,100
20151126 14:55:10.000,11795,11900,11765,11800,223312,11795,353,100
20151126 14:55:11.000,11795,11900,11765,11800,223318,11795,350,121
20151126 14:55:12.000,11795,11900,11765,11800,223324,11795,347,122
20151126 14:55:12.000,11795,11900,11765,11800,223338,11800,341,121
20151126 14:55:13.000,11795,11900,11765,11800,223346,11795,364,141
20151126 14:55:14.000,11795,11900,11765,11800,223346,11795,362,141
20151126 14:55:15.000,11795,11900,11765,11800,223352,11795,359,142
20151126 14:55:16.000,11795,11900,11765,11800,223354,11800,359,141
20151126 14:55:17.000,11795,11900,11765,11800,223364,11795,357,141
20151126 14:55:18.000,11795,11900,11765,11800,223372,11795,353,195
20151126 14:55:19.000,11795,11900,11765,11800,223372,11795,357,195
20151126 14:55:19.000,11795,11900,11765,11800,223392,11800,357,185
20151126 14:55:20.000,11795,11900,11765,11800,223400,11795,353,187
20151126 14:55:20.000,11795,11900,11765,11800,223408,11795,355,189
20151126 14:55:21.000,11795,11900,11765,11800,223420,11795,349,191
20151126 14:55:21.000,11795,11900,11765,11800,223430,11795,343,191
20151126 14:55:22.000,11795,11900,11765,11800,223634,11800,343,89
20151126 14:55:23.000,11795,11900,11765,11800,223634,11800,343,83
20151126 14:55:23.000,11800,11900,11765,11805,223810,11800,17,316
20151126 14:55:24.000,11800,11900,11765,11805,223810,11800,67,316
20151126 14:55:25.000,11800,11900,11765,11805,223830,11800,93,316
20151126 14:55:26.000,11800,11900,11765,11805,223840,11800,88,316
20151126 14:55:26.000,11800,11900,11765,11805,223848,11800,84,316
20151126 14:55:27.000,11800,11900,11765,11805,223858,11800,84,320
20151126 14:55:27.000,11800,11900,11765,11805,223862,11800,82,324
20151126 14:55:28.000,11800,11900,11765,11805,223882,11800,72,314
20151126 14:55:29.000,11800,11900,11765,11805,223888,11800,70,314
20151126 14:55:29.000,11800,11900,11765,11805,223904,11800,62,315
20151126 14:55:30.000,11800,11900,11765,11805,223910,11800,59,315
20151126 14:55:30.000,11800,11900,11765,11805,223916,11800,66,315
20151126 14:55:31.000,11800,11900,11765,11805,223932,11800,58,315
20151126 14:55:32.000,11800,11900,11765,11805,223932,11800,61,317
20151126 14:55:32.000,11800,11900,11765,11805,223944,11800,63,317
20151126 14:55:33.000,11800,11900,11765,11805,223948,11800,61,317
20151126 14:55:34.000,11800,11900,11765,11805,223950,11800,61,317
20151126 14:55:34.000,11800,11900,11765,11805,223972,11800,52,319
20151126 14:55:35.000,11800,11900,11765,11805,223998,11800,40,319
20151126 14:55:36.000,11800,11900,11765,11805,224026,11800,26,319
20151126 14:55:36.000,11795,11900,11765,11800,224282,11800,332,94
20151126 14:55:37.000,11795,11900,11765,11800,224288,11795,329,94
20151126 14:55:38.000,11795,11900,11765,11800,224290,11800,329,93
20151126 14:55:39.000,11795,11900,11765,11800,224290,11800,327,114
20151126 14:55:40.000,11795,11900,11765,11800,224290,11800,329,155
20151126 14:55:40.000,11795,11900,11765,11800,224296,11795,326,155
20151126 14:55:41.000,11795,11900,11765,11800,224304,11795,322,172
20151126 14:55:43.000,11795,11900,11765,11800,224542,11800,301,73
20151126 14:55:44.000,11795,11900,11765,11800,224560,11795,298,90
20151126 14:55:44.000,11795,11900,11765,11800,224572,11800,342,94
20151126 14:55:45.000,11795,11900,11765,11800,224572,11800,342,95
20151126 14:55:46.000,11795,11900,11765,11800,224584,11800,342,99
20151126 14:55:46.000,11795,11900,11765,11800,224598,11795,335,104
20151126 14:55:47.000,11795,11900,11765,11800,224608,11795,330,106
20151126 14:55:48.000,11795,11900,11765,11800,224618,11795,328,106
20151126 14:55:49.000,11795,11900,11765,11800,224846,11795,214,307
20151126 14:55:49.000,11795,11900,11765,11800,224850,11800,214,311
20151126 14:55:50.000,11795,11900,11765,11800,224852,11795,213,431
20151126 14:55:51.000,11795,11900,11765,11800,224888,11800,197,450
20151126 14:55:51.000,11795,11900,11765,11800,224896,11795,193,452
20151126 14:55:52.000,11795,11900,11765,11800,224904,11795,189,452
20151126 14:55:53.000,11795,11900,11765,11800,224908,11800,189,457
20151126 14:55:54.000,11795,11900,11765,11800,224908,11800,190,456
20151126 14:55:55.000,11795,11900,11765,11800,225012,11795,138,488
20151126 14:55:55.000,11795,11900,11765,11800,225112,11800,138,438
20151126 14:55:56.000,11795,11900,11765,11800,225118,11795,155,438
20151126 14:55:56.000,11795,11900,11765,11800,225120,11795,154,438
20151126 14:55:57.000,11795,11900,11765,11800,225120,11795,158,444
20151126 14:55:57.000,11795,11900,11765,11800,225122,11795,195,444
20151126 14:55:58.000,11795,11900,11765,11800,225128,11795,192,444
20151126 14:55:58.000,11795,11900,11765,11800,225132,11795,190,444
20151126 14:55:59.000,11795,11900,11765,11800,225154,11795,180,444
20151126 14:55:59.000,11795,11900,11765,11800,225310,11795,102,446
20151126 14:56:00.000,11795,11900,11765,11800,225330,11795,92,446
20151126 14:56:00.000,11795,11900,11765,11800,225386,11795,64,446
20151126 14:56:01.000,11795,11900,11765,11800,225646,11795,48,350
20151126 14:56:01.000,11795,11900,11765,11800,225662,11795,43,342
20151126 14:56:02.000,11795,11900,11765,11800,225668,11795,19,442
20151126 14:56:02.000,11795,11900,11765,11800,225726,11795,16,443
20151126 14:56:02.000,11795,11900,11765,11800,225732,11795,13,477
20151126 14:56:04.000,11795,11900,11765,11800,225756,11795,3,477
20151126 14:56:04.000,11795,11900,11765,11800,225762,11795,2,477
20151126 14:56:05.000,11795,11900,11765,11800,225762,11795,3,487
20151126 14:56:05.000,11795,11900,11765,11800,225766,11795,2,487
20151126 14:56:06.000,11790,11900,11765,11800,225830,11790,735,487
20151126 14:56:06.000,11790,11900,11765,11800,225920,11790,691,487
20151126 14:56:07.000,11795,11900,11765,11800,225930,11800,47,487
20151126 14:56:07.000,11795,11900,11765,11800,225940,11795,43,487
20151126 14:56:07.000,11795,11900,11765,11800,225972,11795,27,487
20151126 14:56:09.000,11795,11900,11765,11800,225978,11795,27,487
20151126 14:56:09.000,11795,11900,11765,11800,226014,11800,28,469
20151126 14:56:10.000,11795,11900,11765,11800,226062,11795,8,482
20151126 14:56:10.000,11790,11900,11765,11795,226080,11795,686,21
20151126 14:56:11.000,11790,11900,11765,11800,226290,11800,681,403
20151126 14:56:12.000,11790,11900,11765,11795,226290,11800,686,11
20151126 14:56:12.000,11790,11900,11765,11800,226410,11790,638,404
20151126 14:56:13.000,11790,11900,11765,11800,226508,11790,589,404
20151126 14:56:13.000,11790,11900,11765,11800,226510,11790,589,404
20151126 14:56:14.000,11795,11900,11765,11800,226510,11790,3,404
20151126 14:56:14.000,11795,11900,11765,11800,226512,11800,4,403
20151126 14:56:15.000,11795,11900,11765,11800,226512,11800,4,406
20151126 14:56:15.000,11790,11900,11765,11795,226520,11795,590,3
20151126 14:56:16.000,11790,11900,11765,11800,226534,11795,587,406
20151126 14:56:17.000,11790,11900,11765,11795,226612,11790,549,1
20151126 14:56:18.000,11790,11900,11765,11795,226678,11790,516,1
20151126 14:56:18.000,11790,11900,11765,11795,226686,11790,512,2
20151126 14:56:19.000,11790,11900,11765,11795,226686,11790,512,3
20151126 14:56:20.000,11790,11900,11765,11800,226710,11800,510,410
20151126 14:56:21.000,11790,11900,11765,11795,226716,11790,507,6
20151126 14:56:21.000,11790,11900,11765,11795,226924,11790,410,7
20151126 14:56:22.000,11790,11900,11765,11795,226924,11790,414,27
20151126 14:56:22.000,11795,11900,11765,11800,226986,11795,89,410
20151126 14:56:23.000,11795,11900,11765,11800,227068,11800,51,409
20151126 14:56:23.000,11795,11900,11765,11800,227090,11795,41,410
20151126 14:56:24.000,11795,11900,11765,11800,227144,11795,24,410
20151126 14:56:24.000,11795,11900,11765,11800,227170,11795,11,415
20151126 14:56:25.000,11790,11900,11765,11795,227192,11795,416,26
20151126 14:56:25.000,11790,11900,11765,11795,227212,11790,414,19
20151126 14:56:26.000,11790,11900,11765,11795,227232,11795,415,152
20151126 14:56:26.000,11790,11900,11765,11795,227234,11790,414,152
20151126 14:56:27.000,11790,11900,11765,11795,227238,11790,416,156
20151126 14:56:28.000,11790,11900,11765,11795,227266,11790,415,154
20151126 14:56:28.000,11790,11900,11765,11795,227272,11790,441,154
20151126 14:56:29.000,11790,11900,11765,11795,227322,11790,416,154
20151126 14:56:29.000,11790,11900,11765,11795,227324,11790,416,154
20151126 14:56:29.000,11790,11900,11765,11795,227326,11790,415,154
20151126 14:56:30.000,11790,11900,11765,11795,227384,11790,388,184
20151126 14:56:31.000,11790,11900,11765,11795,227390,11790,385,194
20151126 14:56:31.000,11790,11900,11765,11795,227440,11790,414,194
20151126 14:56:32.000,11790,11900,11765,11795,227486,11790,400,194
20151126 14:56:32.000,11790,11900,11765,11795,227498,11790,395,193
20151126 14:56:33.000,11790,11900,11765,11795,227526,11790,385,220
20151126 14:56:33.000,11790,11900,11765,11795,227568,11790,381,223
20151126 14:56:34.000,11790,11900,11765,11795,227580,11790,376,223
20151126 14:56:34.000,11790,11900,11765,11795,227682,11790,375,203
20151126 14:56:35.000,11790,11900,11765,11795,227694,11790,369,203
20151126 14:56:36.000,11790,11900,11765,11795,227704,11790,365,203
20151126 14:56:36.000,11790,11900,11765,11795,227744,11790,345,203
20151126 14:56:37.000,11790,11900,11765,11795,227756,11795,349,202
20151126 14:56:37.000,11790,11900,11765,11795,227760,11795,349,202
20151126 14:56:37.000,11790,11900,11765,11795,227780,11795,349,192
20151126 14:56:38.000,11790,11900,11765,11795,227838,11790,325,187
20151126 14:56:39.000,11790,11900,11765,11795,227850,11790,320,190
20151126 14:56:39.000,11790,11900,11765,11795,228050,11795,321,90
20151126 14:56:40.000,11790,11900,11765,11795,228070,11795,321,80
20151126 14:56:41.000,11790,11900,11765,11795,228080,11795,317,79
20151126 14:56:41.000,11790,11900,11765,11795,228084,11795,317,108
20151126 14:56:42.000,11790,11900,11765,11795,228094,11790,312,108
20151126 14:56:42.000,11790,11900,11765,11800,228310,11795,312,423
20151126 14:56:43.000,11790,11900,11765,11800,228352,11790,291,423
20151126 14:56:43.000,11790,11900,11765,11800,228354,11790,290,423
20151126 14:56:44.000,11790,11900,11765,11795,228354,11790,292,31
20151126 14:56:44.000,11795,11900,11765,11800,228484,11795,41,423
20151126 14:56:45.000,11795,11900,11765,11800,228490,11800,41,420
20151126 14:56:45.000,11790,11900,11765,11795,228572,11795,296,66
20151126 14:56:46.000,11790,11900,11765,11795,228614,11790,275,66
20151126 14:56:47.000,11790,11900,11765,11795,228622,11790,277,68
20151126 14:56:47.000,11790,11900,11765,11795,228624,11795,287,72
20151126 14:56:48.000,11790,11900,11765,11795,228624,11795,291,72
20151126 14:56:49.000,11790,11900,11765,11795,228630,11790,289,73
20151126 14:56:49.000,11790,11900,11765,11795,228632,11795,289,85
20151126 14:56:50.000,11790,11900,11765,11795,228632,11795,290,119
20151126 14:56:50.000,11790,11900,11765,11795,228642,11790,287,148
20151126 14:56:51.000,11790,11900,11765,11795,228670,11790,273,148
20151126 14:56:51.000,11790,11900,11765,11795,228672,11790,272,150
20151126 14:56:52.000,11790,11900,11765,11795,228678,11790,269,150
20151126 14:56:53.000,11790,11900,11765,11795,228684,11795,270,153
20151126 14:56:53.000,11790,11900,11765,11795,228686,11790,277,153
20151126 14:56:54.000,11790,11900,11765,11795,228686,11790,279,151
20151126 14:56:55.000,11790,11900,11765,11795,228914,11795,283,37
20151126 14:56:56.000,11795,11900,11765,11800,228990,11795,62,426
20151126 14:56:56.000,11795,11900,11765,11800,229000,11795,64,430
20151126 14:56:57.000,11795,11900,11765,11800,229102,11795,73,430
20151126 14:56:57.000,11795,11900,11765,11800,229106,11795,121,430
20151126 14:56:58.000,11795,11900,11765,11800,229116,11795,117,434
20151126 14:56:58.000,11795,11900,11765,11800,229126,11800,117,430
20151126 14:56:59.000,11795,11900,11765,11800,229126,11800,118,430
20151126 14:56:59.000,11795,11900,11765,11800,229138,11795,112,430
20151126 14:57:00.000,11795,11900,11765,11800,229138,11795,120,430
20151126 14:57:00.000,11795,11900,11765,11800,229158,11795,128,423
20151126 14:57:01.000,11795,11900,11765,11800,229170,11795,122,428
20151126 14:57:02.000,11795,11900,11765,11800,229202,11795,106,428
20151126 14:57:02.000,11795,11900,11765,11800,229206,11795,104,428
20151126 14:57:03.000,11795,11900,11765,11800,229406,11800,104,330
20151126 14:57:03.000,11795,11900,11765,11800,229806,11800,104,130
20151126 14:57:04.000,11795,11900,11765,11800,229918,11795,48,131
20151126 14:57:04.000,11795,11900,11765,11800,229968,11800,50,106
20151126 14:57:05.000,11795,11900,11765,11800,229984,11795,45,93
20151126 14:57:05.000,11795,11900,11765,11800,229986,11800,95,93
20151126 14:57:06.000,11795,11900,11765,11800,229986,11800,98,93
20151126 14:57:07.000,11795,11900,11765,11800,229986,11800,298,93
20151126 14:57:07.000,11795,11900,11765,11800,230010,11795,303,93
20151126 14:57:08.000,11795,11900,11765,11800,230024,11800,303,87
20151126 14:57:08.000,11795,11900,11765,11800,230096,11800,303,51
20151126 14:57:08.000,11795,11900,11765,11800,230100,11800,302,50
20151126 14:57:09.000,11795,11900,11765,11800,230142,11800,294,29
20151126 14:57:10.000,11795,11900,11765,11800,230142,11800,294,67
20151126 14:57:10.000,11795,11900,11765,11800,230148,11795,291,67
20151126 14:57:11.000,11795,11900,11765,11800,230184,11795,273,67
20151126 14:57:12.000,11795,11900,11765,11800,230190,11800,273,60
20151126 14:57:12.000,11795,11900,11765,11800,230192,11800,277,60
20151126 14:57:13.000,11795,11900,11765,11800,230194,11800,277,59
20151126 14:57:14.000,11795,11900,11765,11800,230196,11800,278,58
20151126 14:57:15.000,11795,11900,11765,11800,230296,11795,278,58
20151126 14:57:16.000,11795,11900,11765,11800,230310,11800,273,57
20151126 14:57:16.000,11795,11900,11765,11800,230524,11795,266,62
20151126 14:57:17.000,11795,11900,11765,11800,230560,11795,248,63
20151126 14:57:18.000,11795,11900,11765,11800,230560,11795,248,86
20151126 14:57:18.000,11795,11900,11765,11800,230566,11800,248,83
20151126 14:57:19.000,11795,11900,11765,11800,230570,11795,251,82
20151126 14:57:21.000,11795,11900,11765,11800,230574,11795,249,83
20151126 14:57:21.000,11795,11900,11765,11800,230580,11795,246,93
20151126 14:57:22.000,11795,11900,11765,11800,230584,11795,245,94
20151126 14:57:23.000,11795,11900,11765,11800,230584,11795,249,94
20151126 14:57:24.000,11795,11900,11765,11800,230586,11800,249,96
20151126 14:57:25.000,11795,11900,11765,11800,230686,11795,199,96
20151126 14:57:26.000,11795,11900,11765,11800,230686,11795,224,116
20151126 14:57:27.000,11795,11900,11765,11800,230690,11800,224,118
20151126 14:57:27.000,11795,11900,11765,11800,230696,11795,221,121
20151126 14:57:28.000,11795,11900,11765,11800,230696,11795,221,127
20151126 14:57:28.000,11795,11900,11765,11800,230702,11795,218,127
20151126 14:57:30.000,11795,11900,11765,11800,230822,11800,218,67
20151126 14:57:30.000,11795,11900,11765,11800,230828,11795,215,67
20151126 14:57:31.000,11795,11900,11765,11800,230828,11795,218,67
20151126 14:57:32.000,11795,11900,11765,11800,230830,11800,231,67
20151126 14:57:33.000,11795,11900,11765,11800,230836,11795,229,64
20151126 14:57:34.000,11795,11900,11765,11800,230876,11800,239,79
20151126 14:57:35.000,11795,11900,11765,11800,230876,11800,269,79
20151126 14:57:36.000,11795,11900,11765,11800,230886,11800,270,76
20151126 14:57:36.000,11795,11900,11765,11800,230890,11800,270,74
20151126 14:57:38.000,11795,11900,11765,11800,230890,11800,270,122
20151126 14:57:39.000,11795,11900,11765,11800,230892,11795,269,126
20151126 14:57:40.000,11795,11900,11765,11800,230894,11795,268,126
20151126 14:57:41.000,11795,11900,11765,11800,230924,11795,265,134
20151126 14:57:41.000,11795,11900,11765,11800,230932,11800,264,130
20151126 14:57:42.000,11795,11900,11765,11800,230932,11800,265,132
20151126 14:57:43.000,11795,11900,11765,11800,230932,11800,285,132
20151126 14:57:44.000,11795,11900,11765,11800,230932,11800,307,133
20151126 14:57:44.000,11795,11900,11765,11800,231032,11795,257,133
20151126 14:57:45.000,11795,11900,11765,11800,231032,11795,257,134
20151126 14:57:46.000,11795,11900,11765,11800,231036,11800,257,132
20151126 14:57:46.000,11795,11900,11765,11800,231072,11800,257,114
20151126 14:57:47.000,11795,11900,11765,11800,231072,11800,257,119
20151126 14:57:49.000,11795,11900,11765,11800,231112,11800,257,99
20151126 14:57:49.000,11795,11900,11765,11800,231114,11800,257,98
20151126 14:57:50.000,11795,11900,11765,11800,231138,11795,247,96
20151126 14:57:51.000,11795,11900,11765,11800,231164,11795,226,97
20151126 14:57:51.000,11795,11900,11765,11800,231184,11800,226,88
20151126 14:57:53.000,11795,11900,11765,11800,231186,11800,226,87
20151126 14:57:53.000,11795,11900,11765,11800,231192,11800,246,85
20151126 14:57:54.000,11795,11900,11765,11800,231198,11800,246,86
20151126 14:57:55.000,11795,11900,11765,11800,231218,11795,237,86
20151126 14:57:56.000,11795,11900,11765,11800,231230,11800,241,84
20151126 14:57:58.000,11795,11900,11765,11800,231232,11800,241,85
20151126 14:57:59.000,11795,11900,11765,11800,231242,11800,241,80
20151126 14:57:59.000,11795,11900,11765,11800,231246,11800,241,98
20151126 14:58:00.000,11795,11900,11765,11800,231246,11800,242,98
20151126 14:58:01.000,11795,11900,11765,11800,231250,11795,257,105
20151126 14:58:01.000,11795,11900,11765,11800,231262,11795,261,85
20151126 14:58:02.000,11795,11900,11765,11800,231264,11795,260,92
20151126 14:58:03.000,11795,11900,11765,11800,231276,11800,257,92
20151126 14:58:03.000,11795,11900,11765,11800,231278,11795,257,92
20151126 14:58:04.000,11795,11900,11765,11800,231294,11795,254,87
20151126 14:58:05.000,11795,11900,11765,11800,231296,11795,294,88
20151126 14:58:05.000,11795,11900,11765,11800,231300,11795,293,87
20151126 14:58:06.000,11795,11900,11765,11800,231304,11795,293,90
20151126 14:58:07.000,11795,11900,11765,11800,231324,11795,283,90
20151126 14:58:08.000,11795,11900,11765,11800,231324,11795,283,111
20151126 14:58:09.000,11795,11900,11765,11800,231424,11795,232,111
20151126 14:58:10.000,11795,11900,11765,11800,231424,11795,232,149
20151126 14:58:11.000,11795,11900,11765,11800,231424,11795,250,150
20151126 14:58:11.000,11795,11900,11765,11800,231434,11800,246,149
20151126 14:58:12.000,11795,11900,11765,11800,231436,11795,245,151
20151126 14:58:12.000,11795,11900,11765,11800,231470,11795,228,155
20151126 14:58:13.000,11795,11900,11765,11800,231714,11795,106,172
20151126 14:58:13.000,11795,11900,11765,11800,231716,11795,105,212
20151126 14:58:14.000,11795,11900,11765,11800,231716,11795,107,236
20151126 14:58:14.000,11795,11900,11765,11800,231732,11795,99,236
20151126 14:58:15.000,11795,11900,11765,11800,231738,11795,104,270
20151126 14:58:15.000,11795,11900,11765,11800,231762,11800,94,262
20151126 14:58:16.000,11795,11900,11765,11800,231770,11800,94,258
20151126 14:58:16.000,11795,11900,11765,11800,231778,11800,94,251
20151126 14:58:17.000,11795,11900,11765,11800,231782,11800,90,250
20151126 14:58:17.000,11795,11900,11765,11800,231818,11795,107,250
20151126 14:58:18.000,11795,11900,11765,11800,231818,11795,137,251
20151126 14:58:18.000,11795,11900,11765,11800,231858,11795,117,251
20151126 14:58:19.000,11795,11900,11765,11800,231940,11795,76,288
20151126 14:58:19.000,11795,11900,11765,11800,231948,11795,72,288
20151126 14:58:20.000,11795,11900,11765,11800,231996,11795,48,293
20151126 14:58:21.000,11795,11900,11765,11800,232064,11795,14,276
20151126 14:58:21.000,11790,11900,11765,11795,232092,11795,769,28
20151126 14:58:22.000,11790,11900,11765,11795,232094,11795,769,27
20151126 14:58:22.000,11790,11900,11765,11795,232100,11790,766,29
20151126 14:58:23.000,11795,11900,11765,11800,232160,11795,91,275
20151126 14:58:23.000,11795,11900,11765,11800,232166,11795,93,275
20151126 14:58:24.000,11795,11900,11765,11800,232174,11795,90,277
20151126 14:58:24.000,11795,11900,11765,11800,232178,11795,88,277
20151126 14:58:25.000,11795,11900,11765,11800,232178,11795,90,277
20151126 14:58:26.000,11795,11900,11765,11800,232180,11795,89,281
20151126 14:58:26.000,11795,11900,11765,11800,232184,11795,91,284
20151126 14:58:27.000,11795,11900,11765,11800,232186,11800,91,283
20151126 14:58:28.000,11795,11900,11765,11800,232190,11795,89,283
20151126 14:58:29.000,11795,11900,11765,11800,232200,11795,89,281
20151126 14:58:29.000,11795,11900,11765,11800,232202,11795,128,281
20151126 14:58:30.000,11795,11900,11765,11800,232202,11795,129,279
20151126 14:58:31.000,11795,11900,11765,11800,232204,11795,148,279
20151126 14:58:31.000,11795,11900,11765,11800,232248,11795,135,279
20151126 14:58:31.000,11795,11900,11765,11800,232250,11795,134,279
20151126 14:58:32.000,11795,11900,11765,11800,232250,11795,134,277
20151126 14:58:33.000,11795,11900,11765,11800,232252,11795,133,277
20151126 14:58:34.000,11795,11900,11765,11800,232252,11795,133,279
20151126 14:58:35.000,11795,11900,11765,11800,232254,11795,132,279
20151126 14:58:35.000,11795,11900,11765,11800,232262,11795,128,275
20151126 14:58:36.000,11795,11900,11765,11800,232262,11795,128,276
20151126 14:58:36.000,11795,11900,11765,11800,232266,11795,128,276
20151126 14:58:37.000,11795,11900,11765,11800,232306,11795,108,276
20151126 14:58:37.000,11795,11900,11765,11800,232308,11795,107,276
20151126 14:58:38.000,11795,11900,11765,11800,232310,11800,116,315
20151126 14:58:38.000,11795,11900,11765,11800,232312,11795,115,316
20151126 14:58:38.000,11795,11900,11765,11800,232324,11795,110,316
20151126 14:58:39.000,11795,11900,11765,11800,232332,11795,86,316
20151126 14:58:40.000,11795,11900,11765,11800,232332,11795,86,317
20151126 14:58:40.000,11795,11900,11765,11800,232334,11795,85,345
20151126 14:58:41.000,11795,11900,11765,11800,232338,11795,83,345
20151126 14:58:41.000,11795,11900,11765,11800,232362,11795,71,345
20151126 14:58:42.000,11795,11900,11765,11800,232364,11795,70,345
20151126 14:58:44.000,11795,11900,11765,11800,232616,11800,69,200
20151126 14:58:45.000,11795,11900,11765,11800,232648,11795,75,200
20151126 14:58:46.000,11795,11900,11765,11800,232670,11795,100,194
20151126 14:58:47.000,11795,11900,11765,11800,232694,11795,88,194
20151126 14:58:47.000,11795,11900,11765,11800,232696,11800,88,193
20151126 14:58:48.000,11795,11900,11765,11800,232700,11800,87,190
20151126 14:58:48.000,11795,11900,11765,11800,232816,11795,29,191
20151126 14:58:48.000,11795,11900,11765,11800,232818,11795,28,191
20151126 14:58:49.000,11790,11900,11765,11795,232934,11795,566,6
20151126 14:58:50.000,11795,11900,11765,11800,232960,11795,14,162
20151126 14:58:50.000,11795,11900,11765,11800,232966,11795,31,162
20151126 14:58:51.000,11795,11900,11765,11800,232968,11800,131,161
20151126 14:58:51.000,11795,11900,11765,11800,232988,11795,122,181
20151126 14:58:52.000,11795,11900,11765,11800,232990,11795,148,181
20151126 14:58:52.000,11795,11900,11765,11800,233010,11795,158,184
20151126 14:58:53.000,11795,11900,11765,11800,233110,11795,113,185
20151126 14:58:54.000,11795,11900,11765,11800,233120,11795,111,186
20151126 14:58:54.000,11795,11900,11765,11800,233122,11795,161,186
20151126 14:58:55.000,11795,11900,11765,11800,233204,11795,121,185
20151126 14:58:55.000,11795,11900,11765,11800,233206,11795,120,194
20151126 14:58:56.000,11795,11900,11765,11800,233206,11795,144,218
20151126 14:58:57.000,11795,11900,11765,11800,233206,11795,144,217
20151126 14:58:57.000,11795,11900,11765,11800,233214,11795,141,217
20151126 14:58:58.000,11795,11900,11765,11800,233228,11795,136,216
20151126 14:58:59.000,11795,11900,11765,11800,233228,11795,166,216
20151126 14:59:00.000,11795,11900,11765,11800,233232,11800,167,216
